4
4
4
7
9
10
12
15
16
19
19
20
20
21
26
27
28
29
30
31
36
37
38
39
42
43
44
44
46
49
52
53
53
53
54
54
54
55
58
58
60
60
61
62
63
64
64
65
71
72
74
75
78
79
79
80
81
82
84
84
90
94
95
96
98
99
101
104
104
105
106
108
110
111
112
112
117
118
121
122
124
125
127
133
134
135
136
141
143
146
146
149
149
156
157
161
162
162
165
168
170
170
171
172
174
176
178
181
181
185
186
188
189
191
191
196
197
198
198
199
200
205
206
207
209
210
212
218
221
221
224
225
226
227
227
228
229
232
233
234
236
244
250
250
251
252
252
254
254
256
259
259
260
260
264
266
268
272
277
280
282
286
288
290
295
296
299
302
302
305
313
314
314
315
317
318
318
320
322
323
327
328
329
329
329
331
331
333
333
340
341
343
344
348
349
351
352
353
359
361
362
364
364
364
365
367
368
371
371
376
377
379
379
382
383
383
387
388
388
388
389
391
391
392
401
412
413
418
420
425
426
426
427
434
435
439
440
448
449
452
452
453
453
453
458
459
461
462
463
464
464
467
468
471
473
473
475
475
477
478
480
483
484
485
488
488
493
494
495
498
498
502
506
507
509
513
514
517
518
520
523
523
528
528
534
534
535
536
538
540
541
543
547
549
549
551
552
553
553
553
554
555
558
559
561
561
566
566
567
570
573
573
574
576
577
577
577
580
582
598
598
599
600
606
608
610
612
616
617
619
621
622
622
626
630
631
634
638
640
641
642
642
643
645
649
649
650
651
651
652
656
656
657
658
658
660
662
666
669
670
671
672
678
678
678
681
682
682
686
687
688
691
692
695
695
696
698
701
702
702
709
713
713
717
717
718
719
719
720
723
724
724
726
733
733
735
739
740
740
742
743
743
746
746
746
746
747
747
747
750
750
752
759
759
763
768
768
769
772
772
778
779
785
786
786
790
791
793
795
797
797
799
800
801
803
804
806
808
815
821
824
826
828
829
830
830
831
835
836
837
839
841
841
842
842
843
844
845
853
855
855
856
859
863
866
867
868
868
871
873
874
875
877
878
880
880
881
883
885
886
888
888
890
891
892
893
893
895
895
899
900
902
903
904
906
909
910
921
923
924
924
926
926
927
929
933
937
938
945
949
950
952
955
959
961
964
964
966
968
970
980
982
983
983
985
985
987
996
997
1002
1002
1003
1008
1008
1008
1015
1019
1031
1032
1035
1036
1037
1037
1040
1042
1043
1046
1051
1051
1054
1054
1055
1055
1055
1056
1056
1058
1060
1060
1061
1064
1067
1070
1071
1071
1073
1077
1078
1078
1079
1081
1082
1085
1086
1089
1091
1091
1096
1096
1099
1104
1104
1105
1105
1105
1106
1108
1112
1121
1127
1127
1134
1135
1135
1142
1143
1143
1144
1150
1153
1153
1153
1153
1155
1158
1159
1159
1159
1160
1164
1164
1172
1173
1175
1176
1176
1176
1181
1186
1186
1189
1189
1189
1191
1191
1195
1196
1200
1200
1201
1204
1206
1207
1210
1214
1215
1218
1219
1222
1224
1224
1227
1227
1229
1230
1231
1234
1237
1239
1240
1241
1245
1246
1250
1253
1254
1256
1258
1258
1259
1259
1260
1265
1265
1266
1266
1269
1270
1270
1271
1276
1277
1279
1281
1283
1283
1284
1284
1289
1289
1290
1290
1292
1293
1295
1296
1300
1303
1305
1306
1311
1317
1320
1321
1321
1322
1323
1326
1327
1330
1334
1337
1342
1343
1346
1347
1348
1348
1349
1350
1350
1351
1356
1359
1361
1362
1363
1363
1371
1373
1374
1374
1375
1375
1377
1384
1386
1386
1389
1389
1389
1391
1394
1397
1397
1398
1399
1401
1402
1404
1408
1409
1410
1410
1414
1417
1418
1419
1420
1422
1424
1425
1429
1429
1440
1441
1442
1445
1447
1447
1451
1451
1453
1460
1462
1462
1463
1464
1465
1467
1468
1469
1470
1479
1480
1481
1481
1482
1482
1486
1488
1488
1491
1494
1497
1497
1498
1500
1500
1504
1506
1507
1510
1510
1511
1514
1514
1518
1521
1525
1525
1525
1526
1532
1534
1535
1538
1538
1544
1546
1550
1550
1553
1555
1561
1563
1564
1565
1567
1568
1569
1571
1573
1574
1576
1577
1577
1581
1584
1584
1585
1586
1587
1589
1589
1591
1593
1594
1597
1602
1608
1609
1609
1610
1612
1612
1612
1614
1622
1623
1624
1625
1625
1626
1626
1630
1630
1632
1637
1640
1640
1640
1640
1641
1644
1644
1645
1648
1649
1652
1653
1654
1654
1659
1663
1663
1665
1665
1666
1668
1669
1670
1670
1672
1674
1675
1678
1679
1679
1681
1685
1685
1687
1689
1692
1696
1698
1698
1699
1702
1704
1707
1709
1711
1712
1712
1714
1714
1715
1716
1719
1720
1723
1728
1733
1736
1737
1740
1744
1744
1744
1747
1749
1749
1750
1751
1756
1756
1764
1765
1766
1766
1769
1775
1776
1778
1781
1783
1789
1789
1789
1790
1791
1792
1795
1797
1800
1800
1803
1806
1808
1810
1813
1815
1816
1817
1817
1819
1824
1826
1828
1828
1831
1832
1833
1834
1834
1834
1840
1841
1843
1844
1845
1846
1852
1855
1855
1860
1861
1867
1870
1871
1875
1875
1875
1877
1878
1878
1885
1888
1889
1891
1893
1893
1894
1897
1902
1903
1905
1906
1907
1907
1907
1910
1911
1913
1915
1916
1916
1916
1921
1924
1927
1928
1928
1930
1930
1931
1932
1933
1934
1936
1937
1938
1938
1938
1939
1941
1943
1947
1958
1961
1963
1965
1965
1965
1967
1968
1969
1980
1984
1990
1991
2000
2002
2003
2007
2007
2009
2012
2015
2016
2019
2020
2023
2024
2029
2031
2031
2037
2037
2039
2039
2041
2042
2044
2045
2048
2050
2053
2061
2068
2069
2072
2072
2073
2073
2077
2078
2078
2079
2081
2081
2085
2086
2088
2089
2089
2093
2095
2096
2098
2101
2102
2103
2104
2109
2110
2110
2111
2112
2113
2113
2114
2117
2118
2118
2120
2121
2126
2126
2128
2130
2134
2136
2140
2142
2145
2145
2148
2149
2150
2151
2152
2152
2153
2154
2156
2157
2157
2159
2159
2161
2165
2166
2167
2171
2174
2175
2178
2180
2182
2187
2187
2188
2189
2189
2189
2192
2196
2202
2203
2206
2208
2209
2211
2212
2212
2212
2213
2215
2218
2219
2220
2225
2225
2227
2228
2229
2230
2235
2236
2238
2238
2240
2241
2243
2245
2249
2249
2250
2251
2254
2259
2261
2262
2270
2270
2274
2275
2279
2280
2281
2282
2282
2283
2283
2290
2297
2301
2302
2303
2303
2304
2305
2307
2307
2309
2312
2312
2312
2313
2314
2314
2314
2315
2315
2317
2319
2319
2321
2322
2323
2324
2326
2328
2332
2333
2336
2338
2339
2340
2344
2344
2347
2354
2354
2356
2356
2359
2359
2364
2368
2369
2370
2371
2372
2375
2378
2383
2387
2388
2389
2389
2389
2390
2397
2400
2401
2405
2406
2410
2414
2416
2416
2418
2421
2422
2427
2432
2438
2440
2440
2441
2442
2443
2447
2449
2452
2454
2455
2455
2458
2461
2462
2463
2464
2467
2474
2488
2488
2489
2489
2493
2496
2496
2498
2500
2501
2503
2513
2513
2515
2517
2518
2518
2520
2524
2525
2525
2532
2532
2533
2534
2534
2534
2535
2536
2537
2541
2541
2543
2544
2547
2552
2553
2555
2557
2562
2565
2569
2570
2573
2574
2582
2584
2586
2586
2588
2590
2593
2596
2596
2596
2597
2600
2600
2600
2601
2606
2607
2610
2614
2616
2617
2623
2624
2628
2628
2628
2630
2634
2634
2637
2639
2641
2642
2644
2645
2658
2660
2660
2662
2666
2667
2669
2671
2675
2677
2680
2682
2682
2690
2690
2694
2698
2702
2704
2707
2708
2710
2710
2713
2714
2716
2718
2719
2719
2720
2722
2726
2731
2741
2742
2746
2747
2749
2753
2754
2754
2755
2764
2765
2765
2765
2765
2772
2783
2785
2785
2787
2788
2792
2793
2795
2797
2800
2802
2805
2806
2808
2810
2813
2815
2817
2819
2820
2824
2825
2830
2831
2835
2837
2837
2848
2849
2851
2857
2857
2861
2864
2864
2865
2865
2866
2868
2868
2868
2873
2873
2875
2875
2878
2881
2883
2884
2888
2893
2898
2899
2904
2904
2909
2910
2914
2918
2923
2924
2932
2932
2933
2934
2936
2940
2942
2944
2945
2946
2948
2949
2951
2951
2955
2957
2958
2959
2963
2964
2965
2965
2967
2976
2978
2978
2980
2981
2981
2984
2985
2990
2991
2994
2996
3001
3002
3005
3008
3011
3012
3014
3019
3021
3023
3024
3026
3030
3032
3036
3038
3039
3039
3044
3045
3045
3048
3048
3050
3054
3055
3057
3057
3061
3062
3066
3067
3069
3071
3072
3078
3080
3080
3080
3089
3090
3091
3095
3097
3098
3099
3101
3106
3107
3108
3108
3108
3116
3117
3119
3124
3126
3130
3131
3132
3135
3136
3139
3143
3147
3150
3153
3156
3158
3163
3163
3167
3174
3175
3179
3179
3180
3182
3183
3184
3185
3192
3192
3193
3194
3196
3198
3198
3198
3198
3202
3204
3204
3206
3209
3213
3216
3217
3219
3220
3221
3226
3228
3228
3229
3231
3233
3233
3235
3238
3239
3239
3243
3243
3247
3247
3248
3251
3252
3259
3264
3266
3267
3267
3268
3270
3271
3272
3277
3279
3283
3283
3284
3286
3288
3293
3294
3294
3295
3295
3298
3298
3301
3301
3302
3304
3309
3309
3315
3321
3324
3327
3331
3331
3338
3341
3344
3349
3350
3350
3350
3352
3352
3354
3356
3359
3360
3362
3364
3364
3368
3373
3378
3380
3381
3384
3388
3388
3389
3389
3392
3393
3394
3394
3395
3395
3396
3397
3399
3403
3410
3411
3411
3414
3415
3415
3416
3416
3417
3418
3418
3427
3428
3430
3431
3435
3437
3440
3440
3441
3444
3445
3446
3447
3449
3453
3453
3453
3454
3454
3455
3459
3460
3460
3460
3462
3463
3464
3467
3469
3471
3471
3483
3485
3486
3492
3493
3495
3499
3501
3503
3504
3508
3523
3524
3525
3525
3527
3531
3535
3537
3540
3545
3546
3550
3552
3553
3553
3554
3554
3554
3561
3561
3561
3561
3564
3567
3567
3567
3567
3572
3572
3574
3577
3579
3580
3581
3585
3589
3595
3595
3595
3600
3603
3607
3607
3607
3608
3609
3610
3610
3610
3614
3616
3617
3624
3625
3626
3626
3629
3632
3641
3647
3648
3649
3649
3651
3652
3652
3654
3659
3660
3661
3661
3663
3666
3675
3675
3680
3681
3681
3684
3686
3687
3687
3689
3690
3694
3695
3698
3701
3705
3706
3710
3710
3712
3713
3713
3715
3715
3717
3717
3720
3723
3725
3726
3730
3732
3734
3734
3734
3735
3738
3739
3739
3742
3743
3744
3744
3745
3745
3750
3751
3752
3752
3754
3754
3754
3755
3759
3760
3762
3762
3763
3767
3767
3768
3774
3774
3781
3782
3783
3786
3787
3790
3793
3796
3796
3801
3802
3802
3802
3806
3809
3810
3811
3813
3816
3817
3818
3819
3819
3820
3822
3824
3826
3829
3830
3830
3830
3830
3831
3832
3849
3851
3853
3853
3853
3854
3858
3860
3863
3867
3868
3869
3870
3876
3877
3878
3879
3881
3883
3884
3884
3887
3889
3889
3890
3890
3891
3891
3894
3898
3903
3903
3904
3906
3906
3910
3910
3910
3910
3913
3913
3918
3922
3925
3926
3928
3929
3932
3932
3935
3939
3940
3940
3942
3942
3949
3952
3961
3962
3967
3967
3971
3974
3976
3985
3988
3989
3995
3995
3996
3999
3999
4000
4000
4002
4002
4004
4006
4007
4010
4010
4012
4012
4015
4018
4027
4029
4032
4033
4033
4035
4036
4039
4039
4045
4046
4050
4054
4054
4054
4055
4056
4059
4060
4061
4063
4065
4065
4066
4067
4073
4074
4075
4078
4080
4081
4082
4083
4087
4087
4088
4090
4093
4096
4096
4096
4099
4101
4101
4102
4103
4104
4106
4111
4113
4114
4115
4117
4117
4118
4119
4119
4120
4126
4126
4127
4127
4129
4132
4133
4133
4135
4135
4138
4139
4140
4141
4141
4144
4145
4151
4151
4151
4152
4153
4153
4158
4158
4159
4161
4166
4172
4173
4178
4178
4179
4179
4180
4180
4180
4184
4188
4190
4190
4190
4192
4193
4194
4194
4197
4197
4199
4203
4203
4204
4205
4207
4208
4210
4210
4210
4210
4211
4213
4213
4216
4217
4226
4226
4227
4229
4231
4233
4237
4240
4243
4246
4249
4249
4251
4257
4265
4271
4274
4274
4276
4278
4281
4283
4284
4287
4288
4295
4295
4297
4298
4301
4305
4306
4307
4309
4311
4313
4313
4318
4319
4322
4324
4324
4326
4327
4330
4332
4333
4334
4334
4336
4336
4336
4337
4338
4339
4344
4347
4350
4351
4353
4354
4355
4355
4357
4358
4359
4359
4360
4360
4361
4366
4371
4374
4381
4381
4388
4391
4395
4399
4402
4402
4405
4406
4413
4413
4416
4418
4418
4421
4429
4431
4432
4433
4434
4440
4441
4442
4442
4444
4444
4445
4445
4446
4446
4446
4446
4447
4448
4451
4453
4455
4456
4459
4461
4461
4461
4461
4461
4465
4468
4470
4470
4471
4471
4471
4472
4474
4475
4476
4485
4485
4485
4487
4488
4491
4493
4496
4496
4499
4503
4505
4506
4510
4512
4514
4515
4519
4523
4523
4526
4526
4528
4529
4530
4531
4531
4531
4537
4538
4540
4545
4546
4548
4550
4551
4553
4553
4554
4558
4560
4564
4564
4569
4571
4573
4575
4577
4578
4581
4582
4585
4592
4594
4598
4604
4610
4612
4613
4613
4615
4617
4619
4623
4623
4624
4627
4629
4630
4633
4633
4642
4643
4643
4646
4647
4648
4653
4653
4653
4655
4655
4657
4657
4658
4664
4665
4666
4667
4668
4672
4674
4675
4675
4675
4676
4677
4678
4684
4685
4685
4685
4687
4688
4688
4689
4691
4698
4701
4701
4701
4702
4705
4705
4706
4706
4709
4712
4715
4717
4725
4727
4728
4728
4729
4730
4731
4731
4733
4736
4736
4740
4741
4741
4742
4747
4751
4752
4754
4755
4756
4757
4758
4758
4760
4761
4762
4763
4764
4767
4771
4772
4773
4773
4774
4776
4777
4782
4782
4784
4784
4786
4787
4789
4793
4794
4795
4795
4796
4797
4802
4803
4805
4805
4808
4809
4809
4810
4812
4812
4815
4815
4816
4816
4816
4817
4817
4820
4822
4822
4825
4826
4826
4827
4827
4832
4834
4835
4835
4838
4838
4839
4840
4842
4847
4850
4851
4853
4854
4855
4856
4857
4860
4862
4863
4864
4867
4870
4872
4872
4875
4877
4878
4878
4881
4883
4889
4891
4892
4895
4895
4898
4898
4900
4900
4902
4903
4903
4906
4907
4907
4907
4913
4925
4929
4931
4932
4933
4933
4936
4936
4940
4944
4948
4948
4949
4953
4954
4954
4955
4958
4959
4960
4968
4970
4973
4978
4981
4982
4984
4993
4998
5008
5010
5014
5015
5016
5016
5026
5026
5026
5028
5029
5030
5032
5032
5033
5037
5038
5043
5044
5055
5056
5056
5063
5069
5071
5072
5072
5075
5076
5077
5078
5081
5085
5087
5088
5088
5090
5091
5093
5094
5100
5101
5102
5102
5103
5108
5110
5112
5113
5118
5126
5128
5128
5130
5134
5137
5139
5140
5150
5152
5153
5154
5163
5170
5186
5187
5188
5189
5195
5195
5199
5203
5206
5208
5214
5214
5220
5223
5225
5226
5227
5229
5235
5236
5237
5237
5237
5238
5239
5240
5243
5244
5248
5251
5251
5253
5254
5257
5260
5260
5263
5267
5268
5269
5269
5271
5272
5274
5275
5275
5276
5276
5277
5278
5282
5283
5285
5288
5291
5294
5294
5295
5297
5299
5300
5300
5300
5301
5305
5306
5307
5308
5309
5309
5309
5310
5310
5313
5316
5319
5320
5323
5324
5332
5333
5334
5336
5337
5339
5339
5343
5344
5348
5351
5351
5351
5355
5357
5357
5359
5360
5368
5370
5374
5375
5381
5381
5383
5385
5386
5388
5394
5401
5401
5402
5407
5407
5409
5411
5413
5415
5415
5422
5426
5427
5428
5431
5431
5432
5433
5435
5436
5438
5439
5441
5443
5451
5453
5453
5455
5457
5461
5462
5463
5465
5473
5475
5479
5480
5482
5484
5485
5489
5490
5492
5492
5493
5494
5496
5497
5497
5504
5507
5512
5517
5517
5518
5519
5519
5521
5523
5523
5525
5526
5530
5530
5531
5531
5533
5535
5535
5536
5536
5538
5544
5545
5547
5548
5558
5563
5563
5569
5570
5572
5573
5573
5574
5576
5578
5585
5586
5588
5590
5593
5593
5597
5597
5598
5602
5602
5603
5607
5607
5612
5612
5614
5616
5617
5622
5625
5625
5627
5628
5631
5631
5633
5634
5637
5637
5641
5642
5645
5646
5648
5650
5651
5653
5657
5659
5662
5663
5663
5666
5668
5669
5671
5672
5672
5678
5681
5681
5681
5682
5684
5684
5685
5691
5691
5692
5692
5693
5695
5697
5698
5699
5699
5702
5706
5709
5709
5710
5711
5711
5713
5713
5723
5723
5727
5734
5737
5737
5738
5744
5748
5751
5752
5757
5758
5760
5764
5765
5765
5766
5767
5767
5768
5769
5770
5773
5773
5777
5780
5782
5783
5784
5788
5791
5793
5795
5796
5796
5799
5803
5804
5808
5810
5813
5816
5817
5822
5825
5825
5826
5827
5830
5831
5832
5832
5833
5833
5835
5836
5836
5836
5839
5839
5840
5842
5843
5843
5849
5851
5852
5865
5868
5869
5870
5872
5879
5882
5884
5884
5885
5885
5886
5886
5888
5890
5893
5893
5895
5896
5897
5897
5898
5899
5900
5900
5902
5905
5907
5910
5910
5913
5913
5919
5921
5921
5925
5926
5926
5928
5930
5934
5936
5937
5938
5940
5940
5943
5946
5947
5948
5950
5951
5955
5955
5958
5960
5967
5968
5968
5969
5976
5979
5983
5986
5989
5991
5992
5993
5995
5996
5996
5999
6010
6012
6012
6013
6015
6016
6018
6019
6022
6023
6028
6030
6033
6040
6042
6044
6045
6046
6053
6056
6058
6059
6061
6062
6063
6063
6064
6070
6073
6074
6076
6076
6077
6077
6078
6078
6078
6079
6080
6084
6089
6091
6099
6100
6107
6107
6107
6113
6113
6119
6119
6120
6120
6121
6121
6129
6129
6130
6132
6134
6137
6137
6141
6141
6142
6143
6146
6148
6148
6155
6155
6157
6158
6160
6161
6162
6162
6162
6165
6165
6166
6171
6173
6181
6182
6183
6183
6192
6192
6192
6194
6196
6196
6197
6198
6198
6202
6205
6206
6210
6211
6211
6212
6212
6213
6217
6219
6220
6222
6222
6222
6223
6225
6226
6231
6233
6234
6235
6238
6239
6240
6241
6244
6244
6246
6248
6248
6249
6251
6251
6253
6254
6255
6261
6265
6267
6273
6276
6276
6283
6283
6283
6284
6289
6294
6294
6295
6295
6296
6300
6300
6303
6303
6304
6305
6307
6307
6308
6317
6317
6328
6328
6329
6329
6330
6334
6336
6336
6337
6341
6341
6342
6342
6342
6342
6343
6344
6344
6345
6345
6347
6352
6353
6358
6363
6369
6375
6376
6376
6377
6378
6379
6380
6383
6385
6389
6393
6394
6396
6396
6397
6400
6400
6400
6401
6408
6408
6409
6410
6411
6411
6411
6413
6418
6423
6425
6425
6426
6426
6427
6429
6430
6432
6434
6437
6437
6442
6444
6445
6447
6449
6449
6450
6452
6454
6455
6460
6461
6463
6478
6480
6482
6482
6482
6484
6484
6485
6487
6488
6488
6489
6492
6495
6503
6504
6510
6513
6513
6514
6515
6515
6518
6518
6519
6519
6520
6523
6523
6523
6525
6533
6533
6535
6536
6536
6536
6539
6540
6541
6546
6548
6548
6551
6554
6554
6555
6555
6555
6560
6562
6563
6563
6564
6571
6574
6574
6579
6580
6591
6596
6597
6598
6601
6601
6602
6602
6605
6607
6608
6609
6610
6611
6614
6614
6615
6616
6616
6617
6618
6619
6622
6622
6623
6624
6625
6629
6629
6629
6629
6630
6632
6634
6635
6636
6637
6639
6643
6651
6652
6658
6664
6666
6667
6667
6671
6672
6675
6676
6677
6677
6678
6679
6681
6684
6685
6688
6690
6694
6694
6696
6697
6702
6704
6704
6709
6709
6713
6714
6724
6727
6728
6734
6735
6737
6739
6746
6747
6749
6753
6759
6760
6761
6762
6766
6768
6771
6771
6771
6774
6780
6785
6785
6786
6786
6791
6796
6797
6797
6797
6799
6803
6803
6803
6804
6806
6810
6811
6811
6817
6818
6821
6822
6824
6824
6828
6829
6831
6832
6837
6838
6840
6841
6844
6845
6846
6847
6850
6851
6853
6855
6856
6863
6863
6865
6865
6865
6868
6869
6869
6870
6873
6875
6876
6878
6880
6880
6885
6888
6891
6891
6891
6893
6894
6897
6901
6904
6905
6906
6906
6907
6907
6910
6911
6911
6912
6916
6917
6918
6924
6925
6926
6926
6927
6928
6931
6935
6935
6936
6936
6937
6938
6941
6942
6946
6948
6948
6951
6953
6954
6960
6961
6962
6963
6971
6972
6973
6973
6974
6975
6981
6983
6985
6985
6985
6987
6987
6988
6988
6990
6990
6990
6994
6994
6994
6996
6998
7002
7006
7006
7008
7008
7010
7011
7012
7012
7017
7019
7019
7019
7023
7028
7031
7034
7036
7038
7038
7042
7062
7062
7062
7064
7066
7067
7074
7076
7079
7082
7083
7085
7086
7091
7091
7092
7092
7092
7095
7096
7101
7101
7102
7106
7108
7109
7110
7112
7113
7121
7122
7122
7123
7123
7128
7128
7128
7128
7130
7130
7130
7131
7132
7134
7135
7136
7136
7137
7137
7138
7140
7142
7142
7144
7144
7145
7152
7159
7163
7166
7166
7169
7170
7173
7175
7177
7179
7179
7179
7182
7182
7191
7191
7192
7194
7195
7196
7198
7200
7202
7203
7208
7212
7213
7216
7216
7216
7220
7220
7222
7225
7226
7227
7229
7231
7235
7235
7236
7236
7237
7239
7242
7248
7251
7262
7268
7270
7272
7274
7275
7278
7279
7281
7283
7283
7286
7288
7289
7289
7292
7293
7294
7294
7301
7304
7305
7307
7307
7308
7313
7314
7315
7316
7316
7317
7323
7326
7328
7333
7339
7339
7344
7347
7351
7351
7351
7353
7354
7359
7361
7362
7364
7364
7370
7372
7376
7378
7379
7381
7383
7387
7388
7388
7390
7392
7394
7398
7399
7400
7402
7407
7412
7413
7413
7414
7415
7416
7418
7426
7427
7427
7427
7430
7431
7436
7436
7437
7437
7438
7439
7440
7441
7442
7444
7447
7448
7452
7457
7459
7459
7459
7461
7461
7464
7464
7469
7470
7476
7479
7479
7483
7483
7483
7485
7490
7492
7494
7498
7499
7507
7509
7514
7515
7516
7516
7519
7520
7523
7527
7528
7533
7537
7538
7538
7538
7540
7545
7549
7552
7558
7560
7564
7570
7572
7574
7574
7579
7580
7580
7582
7584
7586
7586
7591
7591
7592
7595
7595
7596
7596
7604
7608
7608
7612
7616
7617
7618
7618
7618
7618
7619
7621
7628
7628
7631
7634
7635
7642
7645
7646
7647
7649
7649
7653
7654
7659
7662
7664
7665
7669
7670
7672
7673
7675
7677
7680
7680
7687
7688
7688
7688
7689
7691
7692
7696
7696
7697
7698
7701
7704
7705
7707
7710
7711
7711
7712
7719
7721
7725
7726
7727
7727
7728
7731
7731
7733
7734
7737
7738
7738
7742
7744
7744
7745
7746
7748
7753
7754
7754
7756
7764
7766
7766
7767
7768
7768
7768
7772
7773
7774
7777
7778
7779
7780
7781
7781
7783
7789
7789
7789
7791
7793
7797
7798
7805
7805
7807
7809
7815
7816
7816
7825
7825
7826
7826
7827
7829
7830
7835
7837
7840
7841
7843
7844
7847
7848
7851
7851
7852
7855
7856
7860
7866
7867
7868
7869
7869
7869
7870
7871
7872
7874
7876
7876
7877
7877
7880
7882
7883
7883
7885
7887
7888
7889
7891
7893
7895
7899
7900
7903
7904
7904
7904
7905
7905
7906
7907
7907
7907
7908
7908
7912
7914
7914
7916
7916
7917
7917
7919
7923
7930
7931
7932
7933
7934
7935
7939
7944
7948
7949
7950
7951
7952
7953
7954
7955
7956
7957
7959
7960
7960
7961
7961
7962
7968
7968
7971
7972
7972
7973
7973
7975
7980
7981
7982
7988
7989
7991
7991
7992
7993
7996
7997
7998
8004
8004
8007
8008
8008
8010
8014
8014
8017
8018
8021
8021
8025
8025
8026
8027
8027
8029
8029
8030
8031
8031
8032
8032
8036
8036
8038
8043
8046
8047
8048
8048
8049
8050
8054
8057
8057
8057
8059
8060
8062
8064
8069
8069
8070
8072
8074
8074
8074
8076
8077
8077
8077
8079
8079
8083
8084
8092
8092
8092
8095
8096
8100
8103
8104
8105
8106
8107
8109
8110
8114
8118
8119
8119
8124
8124
8124
8128
8130
8132
8136
8138
8141
8141
8143
8143
8147
8147
8149
8158
8160
8160
8161
8161
8163
8164
8165
8168
8169
8169
8172
8178
8178
8181
8189
8191
8192
8192
8201
8203
8205
8209
8209
8210
8216
8217
8219
8220
8221
8221
8222
8222
8225
8227
8230
8244
8245
8245
8251
8251
8251
8254
8254
8256
8256
8257
8259
8264
8268
8271
8271
8273
8281
8282
8282
8285
8286
8289
8292
8293
8293
8294
8295
8295
8296
8296
8301
8301
8302
8303
8303
8305
8306
8307
8311
8313
8314
8315
8316
8317
8317
8317
8320
8320
8322
8325
8326
8328
8328
8331
8332
8334
8337
8339
8339
8340
8340
8341
8343
8346
8347
8347
8353
8354
8356
8360
8361
8369
8372
8372
8375
8376
8377
8377
8380
8383
8388
8388
8390
8393
8394
8394
8395
8397
8399
8401
8409
8412
8416
8417
8423
8424
8425
8425
8426
8428
8429
8431
8434
8436
8436
8440
8441
8441
8442
8442
8442
8443
8446
8450
8450
8453
8456
8460
8466
8469
8469
8470
8471
8473
8474
8474
8483
8484
8487
8489
8492
8492
8496
8497
8499
8500
8501
8506
8506
8508
8514
8515
8516
8516
8519
8522
8523
8525
8526
8527
8528
8531
8531
8538
8541
8542
8543
8545
8549
8552
8552
8553
8555
8555
8563
8565
8568
8571
8573
8577
8579
8581
8583
8585
8585
8589
8597
8600
8605
8605
8609
8610
8612
8614
8614
8617
8622
8622
8623
8624
8625
8628
8629
8637
8638
8643
8647
8649
8652
8653
8655
8657
8664
8668
8669
8669
8670
8671
8672
8676
8676
8677
8677
8681
8686
8687
8690
8692
8693
8695
8696
8697
8697
8698
8698
8705
8706
8710
8713
8713
8715
8719
8720
8724
8727
8727
8729
8729
8730
8733
8733
8734
8739
8740
8744
8744
8744
8746
8749
8750
8750
8750
8755
8757
8759
8761
8766
8768
8769
8770
8771
8775
8775
8777
8778
8779
8779
8782
8784
8787
8788
8792
8793
8793
8794
8795
8795
8799
8802
8804
8804
8806
8812
8816
8818
8823
8825
8826
8826
8828
8828
8830
8832
8835
8835
8838
8841
8843
8844
8855
8860
8861
8863
8864
8865
8865
8866
8870
8870
8870
8872
8873
8874
8879
8880
8881
8881
8882
8883
8884
8886
8886
8887
8889
8889
8889
8890
8892
8892
8897
8900
8900
8904
8905
8905
8910
8910
8910
8911
8911
8912
8913
8914
8917
8921
8922
8926
8928
8933
8935
8935
8936
8937
8940
8940
8941
8941
8949
8950
8953
8956
8956
8964
8967
8969
8971
8973
8974
8975
8975
8976
8976
8976
8977
8980
8980
8981
8981
8982
8983
8984
8987
8988
8994
8994
8994
8996
8997
8997
8998
8999
9002
9006
9012
9013
9017
9017
9019
9020
9021
9021
9026
9026
9027
9031
9036
9043
9043
9046
9046
9051
9052
9053
9054
9057
9058
9058
9061
9062
9064
9067
9072
9072
9073
9075
9076
9077
9082
9085
9088
9088
9088
9089
9089
9092
9100
9102
9103
9104
9106
9110
9112
9113
9114
9115
9116
9118
9121
9126
9127
9128
9129
9129
9130
9134
9136
9137
9143
9143
9146
9146
9149
9152
9165
9168
9171
9174
9179
9180
9189
9193
9193
9194
9195
9196
9196
9196
9196
9200
9204
9206
9208
9209
9209
9209
9210
9216
9220
9220
9221
9222
9223
9224
9227
9238
9239
9241
9245
9247
9248
9248
9249
9249
9252
9253
9256
9256
9259
9259
9265
9266
9266
9269
9272
9276
9277
9281
9289
9289
9291
9292
9295
9297
9297
9298
9299
9299
9300
9307
9310
9311
9311
9312
9312
9314
9316
9318
9319
9321
9323
9325
9325
9325
9329
9329
9329
9337
9338
9341
9342
9342
9354
9355
9356
9363
9365
9367
9371
9375
9375
9376
9377
9379
9382
9384
9385
9385
9389
9389
9390
9391
9394
9394
9399
9400
9404
9406
9411
9411
9416
9416
9418
9420
9427
9428
9428
9432
9434
9435
9436
9439
9441
9444
9444
9444
9445
9447
9452
9455
9456
9465
9470
9474
9474
9476
9478
9479
9481
9481
9482
9483
9484
9486
9488
9488
9492
9496
9496
9499
9501
9506
9509
9510
9511
9511
9514
9521
9524
9529
9530
9530
9530
9531
9534
9538
9541
9542
9543
9543
9544
9545
9546
9549
9550
9553
9557
9561
9564
9566
9567
9568
9569
9569
9570
9570
9574
9575
9576
9577
9577
9579
9579
9581
9582
9589
9590
9591
9592
9593
9596
9597
9599
9600
9603
9604
9605
9606
9608
9610
9611
9612
9614
9615
9617
9619
9625
9626
9628
9631
9632
9634
9634
9638
9639
9645
9646
9647
9647
9649
9651
9656
9656
9658
9659
9659
9665
9669
9670
9671
9676
9677
9681
9684
9688
9689
9690
9694
9695
9697
9700
9700
9700
9702
9702
9704
9708
9710
9710
9714
9716
9716
9718
9718
9718
9719
9720
9722
9723
9724
9730
9730
9732
9734
9734
9739
9743
9753
9756
9760
9763
9763
9764
9771
9776
9776
9778
9782
9782
9783
9785
9785
9785
9786
9787
9788
9790
9790
9795
9796
9796
9803
9804
9806
9811
9812
9817
9818
9822
9825
9830
9837
9838
9839
9844
9854
9860
9862
9862
9864
9864
9865
9865
9872
9872
9877
9878
9881
9888
9889
9892
9893
9894
9904
9904
9905
9913
9916
9917
9918
9927
9927
9928
9931
9935
9938
9940
9942
9946
9947
9947
9951
9953
9958
9960
9962
9963
9965
9966
9966
9974
9974
9976
9979
9979
9985
9987
9987
9988
9994
9994
9996
9996
9998
9999
