3536
1038
4233
726
8705
3725
7124
710
802
5772
5983
1582
4204
5285
8933
9794
5637
4837
6439
9260
2306
7288
156
6949
8306
3944
5935
2978
2117
3646
1822
2961
9969
7828
3205
774
1159
1123
9076
3845
3282
2478
5449
896
4897
166
6465
4451
1478
2711
9229
5373
4405
8827
1771
8359
3312
4456
9974
917
7848
651
7388
2027
4680
3170
9475
441
5380
2321
3381
5768
5077
6818
8723
687
2126
8341
527
2643
635
4530
9384
2783
3329
4188
6598
9199
663
6244
7130
1415
4981
5950
6171
4193
6277
8498
5160
7710
1563
9844
8172
530
3551
9961
5637
4452
1588
3782
8939
4020
3996
1121
863
4762
7679
792
9795
3601
2417
6059
4736
8266
4486
5207
3406
4120
1430
3056
1046
5857
6706
9988
6364
3836
7193
2974
3878
889
2792
9561
6992
1958
4108
9278
3177
5374
249
6796
1795
550
7719
5209
4040
3123
7704
5390
7665
7289
1204
5524
6428
363
3005
3801
1744
975
6399
7017
6615
7375
2644
5190
4268
3266
9700
8938
5533
2096
5391
9816
2540
4955
5644
1309
1165
9150
5822
5487
4019
94
3535
7793
8097
1453
9722
7192
9620
7207
4543
1393
9601
6145
6850
2756
3048
8060
2627
5415
3442
4092
4572
650
7385
7579
4689
6926
4953
7624
1146
6569
8152
3074
1947
5214
7106
7193
9707
2941
3443
6394
7616
9435
122
9745
5959
412
5920
1773
9032
9624
2573
8530
5435
5747
9352
4828
8248
8005
4393
4447
6406
4518
4989
9739
2044
5437
9827
2052
8015
9826
4693
5718
3947
3275
8762
6959
1269
7049
265
2294
3006
1366
8084
2656
656
6444
6080
6460
9811
3055
703
657
6150
7344
5895
8463
3404
7318
5435
8669
7131
9486
6789
4604
1516
5442
5126
9823
7172
1272
8339
7082
3261
1679
7728
9533
116
7446
111
1271
9061
3684
71
3095
5373
4848
2136
533
7684
6848
4642
7364
8919
8835
1326
5504
8680
5987
1401
1544
2723
2939
7215
1580
50
8897
1035
7456
6451
7054
9141
6480
4221
8619
3457
7149
2832
7535
7137
64
1816
5958
3592
2165
9661
9537
8732
9714
1618
3967
8022
7626
9256
9653
962
3948
2101
5157
631
3367
4819
6438
8742
4452
5991
9170
2790
883
6179
7455
8545
2645
7700
2802
940
5316
3835
6890
1871
9908
2254
2791
7758
8514
5613
8397
2476
2507
5854
2862
1609
46
206
6215
4778
895
7022
9587
2930
4238
7473
4549
5280
2342
6211
6939
749
3657
2588
9383
8319
6393
7717
1218
5712
3134
9921
4829
7341
4772
9537
5596
9715
4485
2928
1261
4085
8895
2908
864
8132
4949
8123
8658
6888
3118
8478
7195
6384
1433
9875
529
8443
8617
9864
834
4561
7584
7461
8202
8059
8317
8967
1201
995
3864
8966
8795
5475
8920
1059
7717
2797
9450
5120
9944
3796
6995
2268
3150
494
3859
7505
522
2280
2817
4792
9824
4822
5845
4899
9802
393
13
8818
361
8438
7208
898
7937
3389
1268
2456
4057
2125
7434
6649
4622
1213
3946
522
7071
9660
1965
5110
9455
5333
9692
5978
5369
4994
3579
4644
2106
4529
882
1341
3281
5363
9142
671
4671
8074
9035
5868
9337
2759
8632
1804
6584
3540
874
6749
3120
7549
7067
298
36
3754
2234
4729
9717
4269
9212
4252
9577
9709
8281
5069
3197
183
3566
4730
1204
3764
9484
6871
4358
7833
3005
2466
7892
6930
8568
6620
4211
9429
2315
2428
2423
3327
7996
12
4529
9444
3413
7835
3327
5178
7059
8789
8814
636
2789
5992
2031
7312
1569
5714
3732
7697
7878
3032
5221
7156
7369
4723
7782
9383
6224
2433
3941
1893
2558
4921
2675
2224
3176
7370
7480
4850
3900
9946
5228
1809
8793
3962
8632
4380
6820
8242
3914
1007
8887
1370
8457
2670
8426
4235
9980
2130
1130
9510
9957
1175
5725
8642
3153
659
1845
7623
7451
7351
6929
5730
3509
3494
7734
2656
8731
2867
7455
7633
2456
4001
2685
4993
8761
8112
7776
4552
1330
1963
9315
4752
7439
1186
5498
1158
485
9891
1798
2544
1363
3482
5345
6979
9928
5665
7703
2712
4774
843
7322
377
7998
9952
6822
4570
5398
5607
3002
2270
6765
1413
7985
3109
731
4971
3242
9529
3797
8793
3137
7051
4119
6693
1483
7713
9322
4918
6831
6421
7799
740
9667
7315
3757
9360
7209
7915
4332
3473
5578
7245
2747
1222
3289
6516
9321
19
7079
822
7484
4272
4006
2469
9797
1056
7912
127
4465
8721
9057
206
1908
3574
8788
573
9338
2580
8944
3197
3841
7324
7360
1461
3038
2555
3023
6543
9416
3929
8584
7758
6241
6237
3571
5161
5319
1960
6283
3245
2169
5177
2831
4111
5802
974
5744
6223
7549
8409
4690
7702
4921
451
4932
5721
9030
3026
8612
6989
5507
9860
8156
8146
1193
3822
1402
3074
7877
2321
524
654
6447
7963
8559
1025
3479
2729
8014
8324
6369
7369
595
8421
5453
8087
4713
3288
8320
1934
6574
4852
143
1045
6857
1800
3063
6371
1762
8959
4558
2188
8411
2661
7017
3101
9845
2943
6379
2790
9167
2996
4526
1774
1548
2039
3718
265
4711
5564
1192
9402
6182
3919
4021
8363
3688
2085
8021
738
3366
4748
3342
9113
1804
8510
1635
1796
4547
2936
8946
4906
8775
9378
4819
6830
4423
4136
7031
3741
6733
545
3577
6801
620
7536
9413
2744
7571
4816
2394
4880
7700
692
6838
9654
6664
5269
4497
2945
9049
3446
5643
7832
1667
3576
3130
7720
2123
2672
2460
5952
5771
1748
4376
182
1581
3389
8741
9495
4148
7004
5527
6155
4721
9990
6091
6278
9056
2325
6206
8514
9076
7662
362
5007
1039
2180
5975
7913
6746
5527
3501
63
7859
883
151
7173
2509
7403
8988
1189
7053
100
3795
7318
5169
7107
6742
8611
8837
6555
36
4501
3619
644
8793
4504
5565
3966
7000
283
3943
502
4412
5865
8842
7689
7240
2786
7944
4422
2020
730
9047
4283
3129
1422
968
9982
9410
4905
5947
4711
1600
6007
5963
3681
5835
8111
8765
7554
6892
4348
5220
9468
2613
2040
4285
9323
2276
2680
6420
5621
5745
6782
7751
197
3585
480
8236
4579
2341
8989
4671
7883
2997
6579
3096
7656
9786
9582
4345
1568
9512
1330
4829
1085
4761
4809
2041
5242
7718
6360
1703
2359
1795
3348
1217
1606
4796
9389
3515
8649
7840
5107
2706
8767
1612
9704
5334
9383
8290
8207
1287
5619
3261
9853
9650
9728
5730
7433
9448
3853
3011
3860
5860
2986
6329
9689
930
5025
6411
2861
3998
5016
9451
7406
7695
8478
3412
460
5275
4811
5607
2809
904
7002
9699
726
3999
6492
318
868
1538
6922
1274
7887
510
6551
7800
3962
7643
162
7812
8255
1579
6923
5031
2190
6151
7469
6032
70
616
4296
6140
4042
3131
3674
5955
3097
1372
8018
6019
8336
1964
3792
2887
2142
3521
8543
3987
2390
4239
6206
316
3800
8480
1976
6211
7146
5620
4667
8155
9117
8820
7294
8003
1848
9011
4205
8954
9765
6747
1490
5077
2463
9148
8017
3511
2198
9254
7042
4595
6855
8266
7405
140
3639
858
6497
6614
7607
9317
5157
5979
150
630
949
2616
3930
9161
9532
1397
2640
608
7144
9268
209
3160
8232
445
7856
853
659
9561
6415
4016
3822
1333
4108
7544
8883
8895
8550
2226
6454
6322
8155
9422
5109
8878
4074
9996
8133
7996
3137
7891
2227
2720
7768
1196
6857
5099
9841
9902
8817
787
1222
9259
99
4130
3380
5120
284
2561
7133
5557
2147
2346
2822
6781
8445
786
4847
2619
9125
8481
8469
1744
5760
8295
4907
9438
4802
9381
2796
4375
9234
3582
125
5762
8585
2264
7626
5975
2693
986
6216
2602
43
5857
9672
7880
4006
7936
2837
3617
4135
4255
302
4451
7780
8613
557
3031
382
5072
9385
3346
6145
7626
7992
6322
5178
3506
6318
118
9234
2769
7750
7424
230
5263
1682
5510
3414
5027
2709
574
2566
7406
4187
6593
8380
7624
2662
998
8528
2809
7895
1509
3307
8766
2688
1939
3262
2676
6609
5703
9227
9990
4212
9622
7951
2226
5822
4196
6822
6027
5466
6740
9661
960
2794
5163
1184
2362
9931
7863
3887
5283
691
7722
4313
3393
1379
507
583
9311
8130
1508
8142
1502
8235
9879
7263
4493
3023
6943
7074
6555
9218
5548
3188
6345
2059
9804
8431
5752
1608
4666
5694
2167
6890
760
5540
3116
4826
905
7594
1312
139
821
2016
5770
7086
6257
1849
1025
3991
8317
8964
2623
761
407
9052
4719
6921
5000
9624
5811
4188
636
3839
3671
2649
1054
8046
3401
7455
9480
7980
153
1499
8181
4150
3839
8962
8293
7269
8416
9205
8154
1665
3220
7118
2371
5165
8619
5191
6729
7192
6044
582
5903
5030
22
3144
7014
9762
7943
4783
9478
8357
8172
6238
742
877
6505
5176
8877
5061
2316
2502
5172
9305
5504
4170
6531
2218
6083
1980
736
9554
4051
1394
4269
7860
8196
4315
4800
9034
3885
7030
8833
6853
7687
8341
1453
77
2524
4208
2242
5801
4381
8292
7067
3777
7347
6428
4134
1123
702
3641
2917
1224
4428
2038
4297
2620
4155
3130
8195
1955
1064
4160
6197
1010
3737
2110
1857
3749
9292
5936
7370
307
5685
2670
7153
2279
6757
2750
3667
2094
1127
3962
7747
8138
3669
6419
3087
1013
5836
1162
9145
8762
581
6956
1211
2546
8755
4221
898
5571
8027
545
2606
9031
1689
2059
9968
7329
6572
1213
5548
7104
4079
186
8854
9140
4031
4432
971
9568
4691
211
7070
724
983
5599
5098
2934
3973
4579
2454
5304
5310
3949
7215
4197
8081
9380
2939
6137
4454
3835
3320
2733
8394
1602
5380
9775
8215
4083
3123
534
6012
513
2332
4161
6052
2653
8711
4026
544
7486
5621
9566
1284
2710
8281
9170
7950
3025
3122
3139
2453
2097
8429
954
290
5910
2928
4116
612
4396
9371
1356
2561
3288
4381
2124
1516
3601
8274
7095
2558
9234
2967
9649
1257
5666
4318
8857
5680
2938
2614
7540
407
5014
7013
6462
1519
2280
9569
6173
260
6992
3517
2375
1515
1049
5597
6262
5259
7880
7429
9115
2848
2680
2495
7614
8325
9354
4053
171
7190
2325
3050
8970
7238
3675
9761
9201
4901
161
8620
2558
5133
1658
8725
2366
5977
3608
1412
2929
1872
9108
9272
6885
8968
6221
7979
2901
2647
490
3982
8349
9036
8368
5653
4607
4955
4121
4572
5934
6071
7770
3541
8079
2238
7870
7868
6020
3662
141
6765
5370
4177
8659
7583
2287
2949
2325
9822
3800
1359
3628
8141
3174
6090
6667
7313
1668
7181
7346
6664
1320
334
9524
261
413
625
7250
5985
251
6940
3313
4382
264
646
5023
1900
37
1285
4661
4537
4785
9644
3361
1284
1515
4307
8548
2630
2775
8076
7933
1173
8494
2658
6675
7449
8667
2461
9204
8284
5018
3930
2907
9480
8388
5650
7450
2889
7393
4623
9962
348
572
4390
4037
5984
5121
9124
4886
2212
156
2191
4573
7455
4395
1057
1047
4526
1356
8405
8728
2555
7617
5732
193
7293
6262
9847
1302
9643
125
3566
5753
1069
5101
8539
947
4958
2484
743
8038
2165
2814
8644
542
421
4305
4977
9633
4277
3076
6171
8254
8218
574
6258
7896
3371
5725
4790
6468
6416
734
5305
4173
7901
641
2188
3148
7016
9236
678
9818
3085
3177
6050
7055
5024
8479
939
2982
794
6994
1048
8813
4375
2397
3446
5135
3634
4126
1637
6931
7154
1943
3626
9705
9698
9130
3930
7462
8623
9431
1974
676
4836
7806
9422
5849
6697
6493
7734
7791
8676
5707
5182
5642
3188
1175
4513
7820
3435
7927
4432
6589
2032
3395
6534
333
5562
8578
3212
5638
9540
7158
6917
8029
869
8072
5129
8447
2485
2568
5357
5105
7050
5988
1414
485
553
5617
7369
5156
4959
7859
5863
637
6282
6302
9298
849
586
4795
6549
6482
2362
5722
5621
7489
8564
6004
5444
8807
9702
7664
6859
9940
4518
307
2730
9818
7932
2794
2131
6983
7481
8828
3307
8120
9864
5707
9655
7431
5984
3627
8540
9115
1132
7138
3989
2471
6286
4356
1617
4012
4529
6390
950
6162
5270
4222
8317
4039
6083
9190
7930
406
4739
2902
999
4832
1710
254
6578
1642
7767
676
2032
1486
2302
2558
1369
5315
5687
9459
296
3823
9000
2871
3304
8576
3477
2757
2112
4054
7613
624
5145
5350
2116
2485
2914
5421
798
5763
4189
1139
4481
194
9272
1477
5681
1724
3542
418
230
1310
6620
3770
6995
61
7992
1454
5635
4925
9638
8018
8318
108
3176
8665
6714
1787
7798
9372
9672
4680
4839
4277
1722
9701
3351
5106
3541
1345
9275
7838
9719
5411
9692
4027
7073
5599
2190
5149
8137
5590
6819
5979
1398
6695
7749
3852
8024
7872
1764
2485
3251
3302
7738
610
1257
1301
5119
1176
1881
4924
5684
938
1302
7924
5980
7484
7136
8676
5823
2960
2543
990
7753
5062
8208
6592
7496
8289
7133
8667
7807
3238
9534
3346
1625
1906
9336
6960
9393
8504
7714
9482
8044
217
1842
3565
5955
2685
8099
2661
6963
9608
7835
5122
2299
1030
8480
6642
5813
6145
4694
4170
7394
2734
2341
7594
9137
8280
3643
3247
4575
4297
7616
5557
4199
1316
3221
5103
4138
2220
3488
3176
6701
9347
6223
9819
1451
3243
5965
5351
4394
6856
636
3858
9036
272
9386
9671
8971
3198
1159
1977
8515
884
7924
5116
1549
8558
742
1952
9530
8092
2046
5388
7509
7309
9602
3870
36
5947
8462
5865
6803
6973
7170
6726
4871
6706
9944
303
9673
7484
4027
4054
8642
3225
1327
1988
8836
4113
4140
4726
6698
8549
6899
1839
8372
7841
2487
1885
745
1971
4482
8890
4485
1441
4507
6383
6499
5130
4229
5917
7211
6034
421
1352
6293
3912
8405
1989
4189
6842
1366
9705
330
1295
5624
2093
6800
6666
7422
2198
6401
436
3015
8401
3216
7594
7925
9492
3496
2959
9150
8301
7944
8109
3461
1738
6432
6877
342
8601
2253
2781
1392
5639
4541
147
2583
3715
7613
6424
3748
8298
7244
6177
3571
2266
7192
8629
168
1965
829
4770
337
9688
4247
9258
2784
7605
3274
9405
9666
8261
5356
3810
6885
3747
4011
5306
3109
3036
2943
6197
3881
8157
4756
4694
8848
4991
5679
3831
3868
1734
8209
3598
3657
701
8906
1951
8399
3873
8220
7901
4445
577
4775
8159
8984
8273
5061
769
9216
1572
9699
1149
2787
2554
798
1035
3768
9259
1143
4618
3553
5246
9131
7144
5609
6330
6480
6234
6733
1060
5150
2738
7696
5319
3435
6629
3305
5772
5508
3216
4607
5206
8834
2686
7308
4073
9285
6925
6100
7127
5573
741
6571
6968
6255
4527
7197
380
2662
9508
8820
2483
1021
5719
7051
8699
856
9295
6751
1776
2301
8224
9355
3217
2558
1229
1177
7411
3584
6805
4842
8215
7545
7162
9497
9502
6046
6330
4636
7572
5583
4043
4340
9246
7882
3694
337
7084
3225
4040
7875
9606
7736
1956
5488
9290
6545
543
7904
7512
7243
5280
7373
8434
3364
4155
3822
4984
6962
614
8241
8115
1693
4085
9920
2262
3619
1788
9957
6555
9283
4746
3840
7884
9632
2548
9365
1379
2283
486
2744
8153
2729
8365
8149
6734
8490
9475
5217
591
702
8907
210
4510
5108
151
7758
4226
8953
2324
2335
5977
4343
2321
4713
9238
3251
6686
3956
1240
9834
2223
5344
5975
7262
320
6739
7079
5440
9329
1566
1832
5005
6226
2955
2003
7140
6653
4630
2530
4541
3832
5650
4535
1958
3024
1419
3573
5069
2063
602
6198
2156
9888
2700
6856
1426
8847
4281
9808
5947
3564
1800
667
2596
1195
6057
7420
8486
9191
2746
6109
3157
1695
3532
2602
9260
70
7255
6159
1269
8021
3397
5149
1344
67
249
3221
5321
2534
3069
3741
6188
3053
7552
2506
3147
2281
3156
4955
5406
8606
8155
230
9183
7139
3258
3377
3104
7410
8411
4697
7497
569
4492
2720
1695
4174
1429
4405
2896
114
1414
5205
5986
732
1241
5149
4038
294
6217
1812
1239
4451
8732
2574
1697
1189
7236
1993
2441
4669
6691
1412
9576
5111
932
4538
1902
5798
7256
3551
1296
3663
6914
5733
2629
2758
4136
100
5588
4626
3566
6264
2905
6112
6951
1999
5998
2720
7766
6446
4745
2489
2053
5774
7024
2988
2396
4082
1136
8462
348
1680
7229
7527
9623
7254
410
195
1011
844
1688
4055
1911
838
5295
7953
8117
6916
3331
5771
1686
5340
4756
1263
2659
6578
8587
4476
2306
3299
5682
6692
5504
752
6366
1114
8282
8573
370
3629
9389
9738
4626
4073
5377
820
9163
4486
9188
2486
8302
6352
8724
1846
6077
280
5485
8486
637
8221
9543
5859
9331
6061
2058
7579
5621
4393
7055
3953
590
7175
2007
3992
4420
5116
5937
1143
6674
9070
1944
6910
5481
902
6057
4353
4137
3415
9123
9228
525
7301
8861
9419
2688
5120
346
2394
7088
742
2860
5007
4002
9850
4386
5358
2472
3680
5681
2228
3261
4636
915
551
7633
5316
7992
5798
8062
8197
6158
8747
4699
4492
289
279
2980
8157
6608
1294
1535
3784
9853
4934
1075
6088
7956
2694
8393
7458
2405
1739
292
3746
9241
8150
8058
6686
2560
8217
6692
1525
1777
2316
453
1635
1177
9192
9635
2040
7012
3543
7696
9618
8401
5075
5674
9994
8780
6116
9692
1930
9787
3683
5711
7030
4399
2780
211
2300
4476
9741
1675
3231
9838
6444
141
3216
5618
6233
471
4683
3623
7628
7025
4195
2657
5911
5550
1231
5730
634
3816
782
4307
2343
7191
1136
6147
7365
5675
9731
4722
5967
1209
3676
633
6538
4952
4582
7632
2145
4551
876
7
8711
3781
6573
2114
5050
5666
1765
2511
6235
8251
5690
5989
1088
498
5660
1221
799
1748
602
6005
9909
6634
1183
7124
2745
379
1443
118
2457
5707
5653
1181
7204
5685
3199
6672
9107
613
6497
4078
4028
4401
2441
2199
7017
9755
8968
2650
9139
2422
8498
4541
7657
4
2254
3923
543
5520
6017
5273
1957
8123
129
8889
3786
6814
406
2509
8459
3641
4135
4713
6193
9247
5596
1099
6400
270
5599
1804
6220
5471
7396
343
9884
3208
7522
8612
8939
8476
2930
8509
6326
3771
897
4587
1265
858
1368
8719
4439
2205
2196
1732
2837
6012
4721
1259
9131
3562
3802
515
9549
2956
922
2657
482
521
6936
2895
2198
8249
751
1515
4370
269
2462
3833
9018
8744
8484
2515
534
5818
8073
1564
4783
9056
6980
9146
9986
4293
8603
4074
9139
5888
5237
7335
6058
9162
2213
6986
4971
4281
7058
5841
1042
9065
7046
396
288
9167
2631
5770
4309
1094
4105
6564
3589
112
1942
8421
4456
2953
136
306
4448
3836
4218
2870
2821
4792
3317
8495
1613
2492
4969
2678
855
2169
274
4777
2412
9064
4304
6647
5236
8611
8876
9924
2993
725
5505
1452
5617
4841
6358
6197
4080
1477
4130
6852
283
3163
6608
7269
335
6459
6917
9853
4365
185
3478
1574
2319
8019
1577
5882
2756
9397
1453
4121
3116
2131
8681
8908
437
2959
5516
7104
9030
3410
4348
7934
4393
6410
2921
5561
3222
7674
2154
820
3264
5084
3058
7346
5445
3120
1706
6956
8617
2662
597
356
7905
1309
544
2597
1641
2223
9557
8561
7604
3470
1541
675
9601
9974
1968
6124
5385
4990
8377
4631
3085
2605
5772
9017
3531
2766
8599
8541
4768
9434
460
7896
4124
1101
5257
8215
7280
8100
2669
7126
1107
7132
4250
8622
5340
5885
1156
8832
8185
8385
2158
8381
2850
6676
5830
3969
743
1930
3652
3717
4027
7434
3401
7870
1544
2828
7775
1215
4331
5392
3552
7305
2721
9346
5535
2140
9738
3162
7655
6832
4768
876
8571
8469
318
3399
360
8799
6571
6893
3827
6702
2343
8288
6455
3738
909
957
4998
6837
4623
5068
52
2215
5716
8552
1440
1141
7936
4293
5312
7445
8736
1239
8894
2156
5469
4047
4579
7892
8013
8923
1617
915
1820
8481
7956
8651
3039
3912
3092
790
8224
8653
6267
3581
5087
9895
495
310
2485
7052
7984
4009
4430
503
9537
681
5174
1914
9718
9594
7768
4977
1657
1248
8001
5273
6071
9703
6104
6435
7814
2377
1520
2729
8707
5894
938
1882
463
4610
8013
6242
285
3351
11
7488
4295
7886
7336
4281
8193
1068
8766
4262
9270
7091
4477
4007
2883
8941
6122
519
1141
6062
7666
8711
8488
9493
2836
6828
2394
3030
3259
1813
4802
5886
9500
2041
8730
2477
1692
7015
9734
4306
4755
6902
6194
3894
6674
8389
4543
4862
6710
9020
9836
1371
8278
1649
4538
9250
9643
8750
996
2384
3910
13
2200
9771
6503
7132
6491
8177
8627
800
7039
9979
3831
8295
5537
2831
8523
8614
8416
8844
4123
2463
9155
9949
644
5925
8112
614
5291
8285
5479
3392
4909
1926
1201
6989
9173
3096
6748
8877
9553
2591
3906
3200
3188
3324
5087
1082
6715
4388
2131
1262
3850
1855
7592
2910
784
855
2456
2073
615
3276
3613
2018
2219
7217
8980
2805
4316
3380
2352
8861
4565
8671
6878
3588
2979
9411
6029
6176
665
1970
4532
4648
7502
1443
7692
2149
6609
1123
3034
824
468
7864
2077
3905
5714
6437
617
4665
2035
51
8583
4356
1952
6618
7913
1801
8581
3204
9225
4681
958
9434
7599
1681
1419
9278
5197
2779
6608
4132
9628
308
6130
398
5762
3354
1602
6094
9873
2097
6708
3758
6841
2613
5482
7634
5259
6840
5493
773
6654
3895
6296
7760
5081
5201
5230
3628
7917
9891
6857
1157
151
2449
856
5722
7514
3366
1446
2662
3346
4073
9429
8895
3927
3493
4876
6526
1480
9809
237
7284
2815
8990
381
4144
1867
3714
3689
1032
4707
8617
9853
9438
279
404
8350
7245
1051
2697
9665
6358
3205
3410
4461
245
5518
2624
8471
1506
8914
6390
432
4236
7235
5157
8773
8086
5976
1513
4211
7409
4901
4676
7002
6493
4278
9287
3472
1633
5008
755
2894
9882
4281
5967
2303
566
9849
4661
2289
3366
9040
4355
6720
5112
2361
4240
152
8214
2848
4847
5386
7933
9658
9350
9671
5296
8196
343
1080
8653
9150
5510
97
3312
1045
7778
2205
5985
6350
8785
2193
2102
6970
4588
3539
8413
4490
4095
1160
8461
1007
4493
2170
1574
2831
550
5751
5950
9093
7406
5890
112
7075
8108
2663
5239
1081
114
5820
4205
2302
3288
6958
9116
8143
5944
9780
7567
6389
5738
3694
3535
6011
8541
6949
6180
3902
8401
6772
8724
9917
6680
2573
3716
1287
1440
7421
6369
1092
5859
5022
6135
6222
8317
9222
537
5644
6965
8279
7843
3403
6006
3941
8507
2423
3302
1813
7976
6653
2491
7932
157
5731
457
7614
7674
5767
1749
8506
2062
3126
1061
538
673
214
7628
399
7259
2314
8040
8941
7434
9952
5899
4440
8414
323
5865
2050
1468
5529
2722
2895
9140
8518
4223
1860
1834
5998
9976
7787
3712
6982
3172
664
1570
3960
9520
4407
5450
4498
721
6074
9524
1485
6383
8601
5481
2944
6778
8741
4804
811
2490
6650
5396
1335
6143
4494
9472
7208
624
5890
5209
2631
3774
2091
8869
7810
315
1821
5076
6914
1311
4052
2540
5767
102
2754
7015
3408
226
3633
3087
2529
9471
4910
4697
6056
2691
9724
1236
5344
237
2210
1702
6776
8073
8655
7219
4159
5510
9305
3499
4153
758
5608
9041
9650
7590
2160
3725
401
1934
6961
335
2530
7684
4841
5366
5104
6206
2859
5695
2373
1261
3810
987
32
3808
9560
9877
3206
2875
6985
2066
840
205
8223
7574
4463
9902
8173
2000
8595
1333
2194
8405
5580
8176
5885
7687
7344
6534
6466
9092
2273
7003
5069
1498
1903
9621
8629
5618
9460
4359
920
852
65
55
7921
9478
6717
9799
5311
7832
2714
398
7307
4377
5788
1956
6570
4996
9861
3253
5780
5553
7644
728
9574
6887
8684
8332
2755
6805
935
1954
6167
3285
5194
2658
8204
9009
1367
8809
9971
3815
7141
3483
2088
9886
3967
9622
6406
7675
6193
9938
7759
3093
7258
2202
195
2617
4693
9941
6737
2231
1747
480
720
3855
2120
1257
2575
6794
694
2675
6115
2472
5708
8001
6798
5379
5413
66
1342
9872
3369
3804
3356
598
1407
5888
9886
9120
8518
5779
5711
3879
3569
718
6893
1259
5707
6379
6946
9363
4332
5694
8751
535
6175
3464
9131
1211
8282
3534
4525
9071
5808
479
9239
5675
9353
8971
7726
5332
324
6271
7317
8795
5793
4379
7424
7656
9508
4495
5915
5850
4610
9912
4435
9042
7668
9471
7930
5080
2089
3990
1584
8979
7715
8193
4520
8665
2583
6383
6566
1101
5420
5947
4362
6348
1748
3771
7549
2246
2617
4151
1189
6422
1938
581
9628
5470
291
962
7898
255
7069
2847
1143
5812
4166
2686
6204
9493
3188
3653
74
1463
6064
5994
5994
9037
1103
6346
7967
2688
201
3889
3371
8812
1482
1334
4725
8761
5411
7849
4955
1604
9556
2549
8215
7183
3149
1956
601
5297
2609
3814
7568
9514
3057
1763
3701
7293
8643
2955
9856
3174
9053
3117
5552
3500
6460
2496
6204
8486
7737
7070
9421
2187
2734
4905
3908
2423
6009
33
4881
9047
1783
6274
4983
5117
8404
2268
3702
5101
6700
4442
6377
6416
240
7276
9619
4254
8921
8992
8511
4845
7607
7633
9481
365
6280
9982
7559
3415
8718
860
8324
3651
7708
2412
9852
229
7921
367
1065
299
4246
5224
4249
2429
2514
2144
7582
2319
9408
1657
4083
6379
8067
5701
7835
4124
849
7958
3377
2985
1929
6117
3
7187
6799
2161
9114
6234
8291
3795
9626
324
5289
2390
7314
3567
1530
4588
2840
6277
2316
1837
5329
4156
9774
2996
4518
2146
5681
6726
6755
9187
1655
6239
8363
6145
3133
9005
8561
1047
9960
445
2415
7477
8124
6380
2443
5950
9249
1983
4851
4711
9286
432
6139
90
613
5443
295
3106
2325
3043
6542
8882
544
885
5550
2098
2689
332
2752
6618
6032
7362
1982
5646
434
686
524
8335
4228
9391
1256
4713
9864
633
6317
605
5055
1460
1139
3044
3780
8822
3139
4188
624
305
3351
9782
2569
8888
7924
6804
218
1237
4875
4161
9788
8706
7377
5501
5091
6902
5881
7891
9206
8729
1408
921
2666
8776
6098
835
1931
495
166
5873
1812
1905
3725
8897
9566
9087
8678
8350
1387
5095
267
2931
7983
6865
1405
5819
1945
591
2854
5242
8346
5004
5889
3709
4977
9772
1638
5450
253
647
964
2668
3947
8402
224
6234
8824
3623
8481
1672
495
192
2726
1664
1589
9242
6030
4191
2037
8297
3393
3589
9547
8537
8394
4836
4502
7741
1745
508
3125
8153
925
7748
7413
1135
164
4459
3582
5217
6350
664
7095
1183
7306
6317
4428
3928
2307
8627
7073
2987
6361
8999
2829
3235
6639
4333
3653
2784
4362
2849
6754
3415
318
2144
4709
2716
9754
5648
3427
4668
8871
5898
8378
9689
4710
575
8628
7402
9364
7574
1625
4631
1894
2124
9046
2332
4045
8442
4344
5991
7142
1223
5059
4674
2511
7344
4213
8419
923
6864
9427
4939
45
8210
8860
8612
4140
2180
2933
3246
9595
1092
5319
3965
5724
5263
2071
3671
1504
5378
2967
1403
9838
1608
5296
3953
1597
6663
333
5578
359
4719
8893
7391
9737
3733
6302
2409
1933
4054
9442
4852
3388
4183
3706
8784
195
2915
7043
4872
5450
8100
7320
2246
8069
5362
4675
9658
4112
935
562
6766
7933
7372
2991
2311
4563
1740
9831
161
1930
9539
9733
3545
7815
9568
2332
2313
1749
7803
8877
4421
463
3605
453
6417
8172
2876
9028
2551
4141
1620
6706
9020
4104
5417
6218
6053
1902
6330
2656
5813
9469
2300
6090
5286
2735
9634
326
8494
9092
7439
8269
2674
9032
3875
6780
9223
2148
2365
501
2096
5145
7262
8712
6368
1072
611
8689
2477
5602
6938
2295
898
4680
2636
7992
3878
7473
6679
6205
3352
6447
2003
6938
4766
4925
477
3076
6512
1259
9673
1846
6416
8796
2280
4050
3764
1784
6692
2282
7980
7465
6506
4787
526
8465
160
2190
394
4681
3247
2967
7432
8588
3190
8422
5248
9402
5198
7330
3630
8914
9982
9397
610
9736
3904
5460
9764
9056
9812
9251
5456
8587
5680
2316
1547
8856
2145
2640
8424
9381
8808
4785
9779
4854
147
1226
2467
9151
6629
4226
5559
8313
362
4253
3916
1596
2078
9871
1664
3629
1759
4222
7785
1552
8302
3547
8914
6390
4371
6868
3576
7059
1166
5379
5603
5202
7201
9614
6849
349
4932
2142
2893
804
9845
1285
9747
2884
514
1870
8903
2801
6558
2897
8780
1187
2723
9767
5323
9245
6333
2270
663
3316
5815
55
6521
2319
965
6725
8158
5159
1077
5702
7941
6803
7748
8469
8490
7351
9644
6696
7616
8077
6645
8587
228
5216
9993
1942
2636
7115
1542
3401
5540
8942
8902
5557
6471
8974
9045
1575
9561
3712
2778
775
9630
1146
7804
1016
6432
3916
5386
34
5822
515
6976
3585
5019
594
6405
1710
9627
6109
3270
8487
4558
4508
7408
8420
2212
2465
901
9642
4232
7554
9321
1096
3308
4575
2846
1566
1218
5439
6164
186
3553
2764
1672
5290
5973
6286
1869
6949
4901
4308
9265
3728
2898
9604
6813
9174
5726
379
8719
5521
947
6747
3877
3754
4974
9014
6300
4451
6793
3783
6049
314
2281
5250
6864
5337
4141
7407
7805
7692
9315
5201
2948
3503
8101
1776
1439
3305
1217
2058
5728
2866
8862
6910
4562
7659
9309
5537
2947
914
4055
358
9543
3826
8369
9122
2245
5360
6794
7302
4501
41
7518
1108
4631
2510
8885
554
3512
4197
1437
9569
3357
7661
6975
8061
501
6220
9513
8786
5874
9968
6677
2808
3275
6684
8825
4508
321
8389
7228
6580
8967
6993
6795
2007
8873
2440
5951
834
1695
3590
6175
197
1609
5056
2947
6700
7120
4091
1673
6278
9148
2235
3960
4422
7132
6832
6067
583
4651
6887
3169
2356
3785
5981
8217
929
134
325
4596
6358
4872
408
8928
7632
4081
5376
3323
9947
4173
1293
8513
5067
6010
1679
973
7458
9862
5033
3545
2688
4495
3884
421
3182
6034
3655
1573
2016
517
5742
8957
9138
6131
7445
2212
4016
7563
2409
3099
8422
7278
7513
2250
2662
8412
4075
9849
7661
6412
2780
4994
754
8378
1421
8967
4318
2744
8017
28
1340
405
4016
3940
5990
1663
4583
1403
6415
5389
3679
6893
331
1961
2690
3031
7307
3443
3947
4700
9362
8233
8012
3568
5612
4131
3153
8227
2949
810
2457
1781
187
3097
8755
6377
2607
932
1591
6474
7218
8623
1664
1630
5106
9083
3682
3332
1969
4384
9955
5413
723
760
1331
8251
8959
2922
9404
6254
9353
4706
1555
2462
1140
1478
5349
6948
1354
6537
9700
8797
4987
7167
625
6259
5569
7233
3315
1759
1144
9654
4389
6306
2124
2666
6680
3866
6892
3267
2709
8332
6177
6633
6099
7261
5821
81
2483
6023
3722
2992
2893
7825
4890
5164
6771
6364
2241
2247
2194
8117
2931
2295
6699
2426
964
2492
3832
5508
5249
5774
5418
8294
3499
4092
4411
2896
1117
9723
7701
536
3980
8694
4806
391
4577
8871
6742
8299
7778
2632
2778
6287
1885
9165
6735
6364
2507
1538
5785
7258
36
2484
7091
841
4809
2399
6089
8452
4724
2056
6829
4584
6056
3313
9685
5887
2193
73
229
9547
476
3871
301
3159
4189
3971
2190
2372
2558
6521
9672
3573
827
8485
367
368
6046
1129
5116
9507
9298
5587
6112
9952
8629
4355
5846
8736
541
6158
3287
3279
5437
5268
7935
9780
6921
2391
2134
4969
9515
4387
1246
5287
7256
5755
5265
4568
5348
4974
9164
373
7392
514
2532
3219
6886
8593
9552
7387
9217
719
7522
8636
1190
1373
2695
3970
4865
4335
5902
9803
6881
9970
5368
6653
4515
7570
5593
245
9240
7141
3268
1125
5684
3385
773
1983
4384
4086
7966
8024
8460
3510
546
3761
108
2843
922
6759
6058
5787
2586
1010
2707
9098
9937
7389
1686
9551
3512
4978
5759
8928
3377
7853
6649
1341
9182
5792
4975
5338
9075
9746
6719
7345
6885
1181
3485
3964
402
1899
5764
1449
9956
6878
5100
3056
1301
3923
686
2207
7587
6858
6039
142
8837
2723
1473
8191
6947
1446
4699
1445
6352
3564
5746
5475
9308
3496
4382
3306
868
7987
3729
6469
7069
9661
2438
3825
4603
1536
1067
354
8412
3675
5585
9974
830
4350
9015
7782
8531
1823
5200
8424
9062
5973
797
9685
3574
5730
8802
2082
7862
7738
1147
4237
7399
3141
7855
6549
7672
2250
847
4946
882
8770
5313
3870
1365
6280
3617
6099
2245
8276
8618
4400
5685
67
3872
8211
529
9557
6885
4057
6328
6023
7464
2248
5620
7305
3854
8342
86
4810
253
8118
6009
3847
2964
4176
8136
648
1793
2342
98
1401
4863
8456
3280
5408
790
9764
8046
7107
7842
6659
2778
6687
8375
4950
2633
2802
6026
6453
4784
7302
2402
567
4832
5660
4710
8341
1760
6471
2884
2583
3802
6332
1640
7920
8291
5264
9412
5718
1578
6948
1347
5440
6658
484
2003
7294
4503
4514
417
2762
2033
9667
4518
2348
394
8851
5624
5050
4370
2285
3545
6310
6400
3899
7937
6270
9097
2734
11
8084
1466
9394
4449
8640
442
6846
3162
3395
6869
9128
4062
7481
7649
6319
1970
1708
4040
9406
9958
481
6290
8786
5223
6876
4509
4060
2133
2796
6692
8067
9577
1511
265
9807
3291
2897
9165
3780
6777
1656
7663
1846
7924
8759
2655
2408
9532
2629
3873
6845
1966
8884
9006
4051
5421
5457
7598
4068
849
6191
6609
61
2671
2770
1958
5137
120
4816
1489
5349
3247
3375
7439
9832
5361
9733
5414
4702
8807
3764
1192
4323
3260
3451
4224
6292
226
2738
5915
5090
362
8135
252
5449
3353
7561
6887
9087
6287
7856
8172
3875
9658
3074
8322
19
5601
7127
2060
4704
1870
7321
776
850
9233
2802
2936
4765
8727
6379
6681
9493
1844
8349
6721
8566
5867
5260
3068
7204
7662
6940
3387
1429
4410
5476
1343
8963
2072
4110
1763
1760
3908
8546
4011
2941
5205
4516
9333
9796
4544
1614
231
3904
6222
9543
2730
4246
7680
6016
6446
7026
7696
3134
9717
1671
3504
2449
96
7668
4209
5351
265
7205
3339
4683
5271
3514
6946
174
1717
7566
6848
1520
749
3651
9667
2464
2175
1222
8219
4822
7515
2325
4643
5959
1012
3760
2274
7254
7996
4106
9252
9014
3155
4908
5146
8377
8097
3475
4564
1228
2375
1349
4117
57
6628
8464
2189
9868
4277
5594
5917
8761
1415
2990
1878
2197
5446
866
453
4669
9700
6652
5898
3031
8021
8279
8223
466
8728
2182
6959
5375
2089
3965
9032
6021
1358
1493
4449
4088
6793
9685
9044
1904
7808
9186
958
8751
3232
8514
3547
2861
4196
2502
538
3583
6862
2837
1960
8643
9310
4226
8373
7544
9685
8527
4424
211
7815
4695
7654
9512
6388
9495
9304
8072
2107
8338
3436
5042
964
6473
8078
2159
8458
959
5626
9536
6460
9211
2333
7911
4314
5204
7730
8899
9933
4612
5218
6225
1944
2388
6663
7249
9264
6317
8526
8781
1878
8408
5896
8318
5973
6030
3258
9808
2051
3122
9414
5110
7459
4745
7386
7001
3353
4987
5887
8922
7900
2789
9635
6116
8684
2788
7977
2371
5128
9795
7945
1876
3487
5840
5798
2691
9597
1282
7377
277
7935
1382
35
2840
8986
4173
4776
9799
1045
5381
1493
9533
4358
9440
8462
3049
6506
8519
5252
9278
6981
1501
6243
2758
7551
9340
6758
3569
8600
5799
593
7831
2810
6557
8003
9716
528
8901
3331
7692
9330
9856
5695
429
2917
5787
3910
5626
9819
6900
7459
7674
1181
6206
5008
7816
819
6057
2952
77
900
2893
3994
2070
3502
6498
7629
5950
2719
2639
6237
418
4899
4954
7128
2890
9914
6272
7771
1092
3557
9138
3579
6332
8565
3705
5287
10000
1441
3428
454
352
7156
9235
9054
7316
9275
145
3743
5335
4863
2507
798
459
3427
5799
6745
8924
462
67
4066
7092
3135
7457
4663
9442
525
5494
9721
7108
609
7903
8654
3128
4405
5182
5246
7754
3956
3331
8541
4410
1690
502
4098
3512
5954
9677
9060
8108
4326
668
9487
5066
5986
2135
4921
4973
4239
4857
686
2692
1307
7706
8561
745
9798
1575
563
5008
4544
4760
4485
8989
4951
2611
4598
1591
5443
3102
9670
2370
5509
1847
2634
4585
2186
6362
1773
7068
3756
7109
3499
6291
3598
5828
3375
637
3064
1413
5257
5257
8930
5842
1812
9103
3568
6078
5842
3492
1772
2838
7626
2540
9517
563
1564
4100
771
2577
1190
1425
6807
541
8413
7800
1517
3943
4765
2446
4229
5873
1160
7024
1901
8606
954
1210
3731
1806
2828
2147
6916
7043
348
5533
3649
7225
434
866
9634
9219
9879
8369
8630
3078
8978
7213
1529
9469
6099
6948
1232
7014
5711
5786
3839
7438
6094
8371
9677
7194
5930
6081
3921
6533
1588
4812
6057
5294
5836
7014
5231
4091
5469
4750
3358
9904
3331
9619
7180
6348
182
5716
7268
9255
4064
2188
1368
4339
3092
5046
3276
4203
7363
1322
3213
949
9226
5137
3935
550
3163
606
6923
9469
9564
3309
5724
266
9446
7986
1668
4788
5485
2823
3344
2566
1823
1169
5568
2295
6999
3188
9062
3532
8680
6205
7878
6712
8435
2347
252
3962
5318
222
3341
3960
1360
9889
2566
9999
1580
2950
2062
1973
3226
5368
4423
5939
6856
4744
4180
7200
2540
7932
3829
6936
4568
7991
8982
4115
5556
1736
3043
489
3223
2767
2293
4556
8109
7568
6283
9594
8512
1573
19
6100
7007
4566
6191
184
1032
6693
8245
3325
9189
2729
2709
2667
7710
7387
4496
2532
3000
8606
602
5867
8936
1501
1408
3878
5832
5109
4905
9453
610
8555
8786
9192
7341
8116
9853
7306
2245
1525
5697
9262
5467
845
7855
2875
307
2450
507
5783
746
5669
6913
6586
6731
9002
5865
5861
1628
7069
7769
1828
5364
4848
614
7090
7574
5262
3419
4185
3146
123
1867
8240
8468
1722
563
2992
6195
9426
1304
5912
41
3086
349
2703
8237
7404
1623
8572
2044
5479
6311
6380
5512
8768
1999
4051
3648
1836
1212
3083
41
7809
6248
3870
7113
9541
8970
8831
294
8095
5917
384
5713
4646
4972
8315
7943
7868
2786
7464
3796
7257
8553
6601
5150
8734
6679
1569
4843
9466
8546
7224
1721
4903
4216
4236
3184
7079
6265
6150
6326
4083
1426
8981
4659
4695
4748
8201
8597
9286
1779
9973
9701
8178
2946
5197
3380
3057
8289
9214
6107
6171
3380
7192
4288
1319
7498
8864
7081
166
2610
5662
297
3207
9347
6977
381
5243
4348
2294
5644
8884
3309
8794
264
3639
8187
1539
1688
5700
4412
9881
1211
1120
7994
453
2722
1512
6485
209
636
4344
4751
7767
8945
1499
3788
5015
7579
550
1481
758
867
1465
3264
5502
9098
707
9094
253
2764
2248
2569
1605
5577
6403
9989
8320
7865
2632
6699
6901
9845
8040
1135
5190
624
4702
2478
5231
569
8263
540
6320
9399
9243
7804
7525
3617
8100
2590
8409
1324
5548
1477
2779
8135
5976
3388
5539
2248
8975
5438
4006
3910
9282
7571
6998
5396
9677
962
4522
4362
6971
6229
4742
1376
9152
1671
8406
499
5373
3927
3577
8699
9221
200
4576
3099
2558
1604
2605
3078
251
1584
572
9418
7055
2077
1233
3207
2933
3211
1875
1705
4962
4349
4336
6253
1491
2569
5250
9370
407
3957
2018
5628
9494
3321
9989
4107
7099
4937
9208
2806
7915
8549
5892
5911
7531
3534
3841
3108
8254
6292
9429
8806
605
8587
3075
9199
8241
6230
5988
9367
9011
2047
9500
8924
4903
7865
9787
605
8299
88
7252
6858
5173
5950
4213
3239
4866
5001
94
9187
6488
9081
4750
4161
6741
880
8686
1358
4643
3978
3823
801
6289
7631
916
6584
9166
44
8587
8225
1707
3661
2849
1615
8810
5100
5939
5953
9113
5209
7518
1178
6983
5413
6595
102
3511
9811
2280
601
7504
720
1464
3294
1908
854
38
611
5154
5115
6829
8201
1177
5647
7710
2867
1635
7928
6028
9347
5273
1453
4913
4321
4740
6836
900
1551
9145
6044
7939
8344
3831
4494
8845
1308
2168
5760
1746
7732
4871
1102
1150
7381
8217
6068
522
4694
8690
856
7252
6663
8051
9771
3261
6135
8182
1049
9678
6141
6347
8640
2541
8393
7141
9891
3483
4561
3173
1873
8190
4004
236
8280
6240
859
8670
5140
56
7812
322
6940
9475
8569
4287
1471
2872
3204
6265
7043
9730
1174
1818
3892
2853
5841
1378
7593
1190
1823
2663
5454
6584
8824
7565
2642
875
4557
8207
6783
116
7584
8792
1901
1637
5982
1440
9781
1274
7050
1760
6395
293
4506
2988
7590
7299
5208
9620
3774
7398
4137
2651
7272
5792
3391
7895
6247
1524
2046
3817
6757
3040
4730
6744
6601
6232
1238
919
9763
7745
4418
1044
1091
3805
8973
9454
2544
1995
7472
8796
6386
7050
1693
2238
4132
2700
251
3894
8417
7796
6770
7213
2252
3308
3523
4535
3586
8114
2836
5379
5843
6042
4118
4635
1577
1262
7708
9422
3987
2953
7698
7919
7857
541
4229
6605
4899
941
4457
7124
5439
3139
3541
2958
1423
8402
7921
1748
329
6355
5126
3548
5196
6088
101
9304
7021
4810
3254
5585
2389
7576
714
5777
4481
2638
2513
787
2705
9664
3771
6761
1900
5313
2907
8917
7595
5891
334
6996
1928
2400
1288
2425
6179
9638
9674
8657
3239
1386
2326
4669
1144
9663
1231
8473
7294
4872
9147
976
6690
5738
2550
7515
773
4230
6163
9854
8532
1156
2047
6745
6857
6271
507
4160
5096
2430
7238
8733
3580
9779
2910
726
6289
7025
4353
9170
5391
5173
5547
5331
2053
6673
9594
4776
5194
1936
2635
2326
5025
4794
774
8109
5442
9091
9558
9024
6607
7340
2591
8485
4478
3602
38
4543
820
6826
9927
7176
160
1801
1219
4782
120
795
4941
4199
8067
727
7784
2836
3454
3804
2157
1879
7595
2112
6995
4791
7985
421
8002
6997
9207
2571
4581
769
1748
34
9645
7288
6528
7974
4135
2276
1261
8016
3796
445
3747
2064
6833
8866
9409
7390
7227
3663
6462
153
8840
7621
7224
6262
7052
6264
4425
3715
7614
2463
937
9238
1345
79
4618
294
2390
7852
4215
9851
1059
2676
3981
9867
854
6179
8883
1101
4091
1281
7935
9815
2166
6925
8535
9881
3717
6211
8750
7310
7002
285
8216
3707
1084
6540
995
2102
454
1365
417
7245
2731
2725
2007
2532
1332
5416
8228
6843
8822
6026
733
3205
8434
5449
9570
2870
5733
1879
6799
81
2377
8131
6277
7516
5567
1011
9988
2507
8073
6004
122
1120
6670
5101
1743
4371
5775
6406
2615
2786
6233
7447
6473
2404
1105
355
4520
2829
3329
3918
3476
3438
8626
6403
2302
5247
8131
7667
3467
3387
4713
4665
3218
5257
5875
3897
5141
8157
8038
2482
5625
3890
1280
9387
6475
3628
7302
5545
4289
6893
5353
805
1785
8319
3024
7798
8516
1242
7857
5978
677
6325
1271
6554
9590
7999
1585
4065
612
4055
8010
5326
9489
3438
3088
1941
6320
162
4718
8676
7615
4278
1014
4127
5149
6951
8134
6027
7211
2930
3745
4842
9158
4271
3832
8980
1605
7111
945
2307
6909
9851
9613
7204
7613
423
6175
134
7760
2935
7815
5628
106
4003
9253
9275
3920
5979
8437
858
9251
2602
9488
8495
1152
3748
6488
8172
5254
2542
2130
9709
9342
8828
2074
9390
9455
6217
8757
5539
1290
6655
4468
296
5043
5461
469
1712
9595
7694
4539
4491
6995
1638
4574
9000
753
1249
1996
7248
1357
1638
1747
605
8730
6003
2853
4232
8435
2475
1102
8415
6422
9930
4239
46
9052
1495
2170
9909
3108
8444
4270
4757
6604
9840
8747
1298
3334
292
6295
42
9704
5195
7523
44
3776
9788
8689
5790
9089
5426
5659
2438
6694
4651
7149
8730
1285
889
8637
3955
3449
7401
1015
2291
4993
8473
3543
4424
8539
1319
2582
3915
6972
3786
7785
3316
6539
6247
7108
5051
6642
5610
6367
322
4176
6681
1499
9369
6317
4310
3456
3781
4969
3329
3306
9027
8523
9141
9474
659
9479
9774
1657
3933
8422
2747
4092
7328
7919
4064
9258
3529
3301
4044
6777
2893
1594
1170
7713
5232
4694
6439
3579
6145
5280
7900
1147
7896
3292
9949
7968
4730
3431
3342
5438
6836
3075
8664
5389
5845
5617
8028
6323
8350
2470
2589
9905
9739
710
6687
8885
8296
9134
4922
712
1223
8814
6095
9012
1909
217
8808
4235
1064
68
3548
1925
1477
3940
3143
4313
2038
4692
3865
2686
8757
6357
4218
6824
2418
9232
7723
8607
8460
2877
6433
2864
8491
4602
4385
7763
4501
5136
3009
739
8380
4530
3735
4272
6923
7624
3377
7167
6692
3720
7592
1500
3751
6788
366
6449
1822
5354
1637
1018
178
1112
2583
3913
333
6560
1011
1933
4389
3904
6993
8683
8949
3344
5502
7038
3958
8387
6032
4257
3683
3774
744
4470
7591
2284
4445
9244
20
5404
7416
247
7941
6310
8039
1224
301
1132
6625
1920
3738
6
6582
530
209
663
6989
3722
7324
9424
6851
5694
5867
1622
3233
9020
7633
3660
7437
9003
427
2123
6103
5807
7393
6456
9396
1787
2080
4052
6267
5100
1532
5103
9091
2828
1184
6489
6811
1949
1344
3240
6275
9539
5116
9221
5014
5358
4138
6902
9792
8254
2532
4832
9775
2362
1522
8767
3304
6614
2368
8117
8936
5096
941
170
1747
8690
7
206
3381
3939
4309
509
4601
2485
319
3021
2037
3057
6217
3718
1952
5904
1132
9047
3324
8436
3056
2734
4396
1969
1625
5753
5426
696
1361
7351
6467
9699
7570
3032
8390
8332
1265
8793
915
5003
9833
3863
7138
6859
8216
152
8155
1732
7603
7265
8008
1600
6014
5932
2724
7284
1127
1954
6657
9268
2620
8952
782
9990
6448
9058
1786
2751
5025
306
1534
7812
3280
5312
231
3223
9636
6309
2453
7685
9366
6472
3872
4574
4472
310
1652
139
6805
9929
1935
8143
1844
9257
6946
1254
642
361
8656
6618
5834
8180
1298
3611
1081
6946
3900
2936
1567
7101
7625
7818
3249
4904
5169
2844
1440
7828
4051
708
47
7657
340
7149
6440
6341
2519
4719
1613
157
4593
7200
9164
9434
4626
3758
2429
5392
745
9142
4940
2896
7641
3589
5785
73
8048
5881
3866
4026
7756
5261
8440
3475
9936
1173
2972
8979
9185
4509
6317
1708
8124
4987
622
9505
4146
2728
6021
4190
2313
7621
2305
4592
6655
8210
9278
5156
5510
6542
1056
4648
8480
1556
4162
1040
2189
6201
5832
4154
932
2505
7909
954
6587
5324
2910
8605
3361
5505
444
6699
4179
2323
8869
4755
9026
2780
6214
6565
2049
1171
922
2948
5342
2901
1271
357
5395
9250
171
9852
2314
5651
3876
1977
707
9985
2995
1752
5661
4644
9800
2223
4154
5538
7860
8694
8848
5996
5077
1237
1470
4191
6650
3553
1685
5990
4901
683
7981
415
1041
2255
6833
3721
9277
206
7724
5036
7750
1921
6214
3652
4865
5719
7035
8519
7874
7650
1721
4468
4897
6337
6402
4636
5783
4401
7050
5701
6995
647
6684
732
5836
9430
7241
6862
6854
6686
1983
4653
4610
5925
520
1949
1959
1373
9087
4047
7232
7859
3051
7737
3572
3236
4786
2623
8266
8854
3506
1507
8804
4329
7089
9306
4324
1957
173
8351
3279
9692
5775
553
9844
4901
9901
4101
677
3202
1300
