7194
4359
845
1928
3485
3038
7595
4366
1482
8401
3996
4066
5535
5870
2015
4519
6539
695
9704
328
1186
1155
7307
6749
3368
9216
1728
6012
8657
2924
5038
1042
8676
7973
149
4433
6973
7538
4949
3734
3723
4812
6679
9376
75
2134
2817
8538
8825
1602
6829
3097
4805
6771
3119
983
6430
8388
426
3449
3221
9456
2537
9432
4194
2630
1176
2332
6574
1861
426
3415
8625
3463
9928
4405
5839
8440
5137
8953
9371
8792
4741
2533
6948
8637
2474
58
5016
983
5203
6289
1342
9220
8941
6091
3302
9259
9724
5780
6925
54
6868
5684
7665
6694
5519
4953
2518
7347
6639
5336
7956
9486
3206
3625
4705
1659
3600
1679
2182
9129
8543
9665
1712
6841
2955
4339
2324
6935
124
3048
170
7877
7379
8031
3572
746
5832
9681
9196
6160
8092
104
3738
4862
8987
8425
5032
4825
3750
9129
3069
9771
8624
5519
9927
1260
9804
2534
3995
6379
1668
6113
2121
3910
9614
9590
4029
9690
890
910
1210
926
30
2118
3879
3744
2574
5986
1791
9289
6330
3279
2634
8245
74
6935
6973
3904
6220
580
7447
6389
207
5401
9256
7130
3626
3352
5936
1511
5305
6746
7251
1797
8100
2824
4141
2513
2312
7791
2157
2590
641
1586
6222
3193
2359
1930
6482
2623
9645
7727
4444
3739
7231
9651
4179
3681
7430
8933
4797
3226
7677
4354
3057
2910
7402
362
7687
463
3525
4571
1362
8393
2848
5642
6624
382
4878
1594
191
8563
7208
388
6162
295
5960
4416
4010
4152
2364
7414
9272
6063
8872
7779
3356
317
9996
5706
3830
5272
950
2314
7135
5283
4120
5631
6455
5685
1789
9927
8911
2245
652
5388
4944
3715
3681
1963
561
282
5839
9499
9112
1687
8054
5277
1334
878
8605
6437
7092
7179
7288
6352
3891
1206
3192
7437
3929
2085
666
1293
2354
4485
9541
7754
1756
8905
4815
6165
4546
6460
8251
4827
2314
6523
8677
2942
2078
554
681
3392
65
9149
2797
5163
5627
266
4755
8826
4863
2142
7572
322
5517
7949
314
7805
4472
8425
2978
3527
9445
6897
1654
5438
3712
2990
4736
9656
9628
2520
3577
4
4499
6019
2945
9796
7993
6651
3952
8976
9785
6540
6994
5251
2280
7537
4853
6307
6714
359
9427
343
2462
9788
3802
6418
9730
5407
4685
6548
3531
6616
3831
133
1744
8976
4461
1644
5102
573
8256
6985
8956
412
7953
1086
5112
3567
5570
7580
9020
8581
7618
9312
4642
5765
3553
8257
4629
9854
7270
7919
8628
9043
434
9596
8670
8883
4523
5697
174
6016
5126
4803
1160
2312
9509
682
2813
1429
4889
658
7344
9496
4226
959
7711
7064
5413
7856
388
5409
3698
9259
5360
44
6614
4496
2003
8655
8649
6611
9116
8779
1468
6198
5617
2932
3790
6488
4211
3388
8652
888
1906
8974
7229
4553
8795
4446
413
7019
8863
9193
4099
9716
7023
7692
6480
250
3167
2898
320
3395
5496
8766
1632
7351
9917
9238
5239
1815
6618
4442
6425
2617
3585
6774
6165
3352
7236
9311
4306
7514
5056
3304
6946
8552
6535
3198
6294
8775
6294
4133
6121
5578
8940
4359
687
6304
8870
5497
5154
1200
6523
723
8205
8315
4867
2209
7841
6148
2698
7034
1073
1051
8010
2719
4381
4445
1429
8994
9600
7726
4727
3239
2904
8301
1306
790
1885
2206
4981
9593
6400
1303
3525
3196
3264
6300
9631
4623
2037
1907
4619
8161
1284
4582
5843
7364
1181
8004
5910
1789
7128
5773
9289
9695
5422
1852
5504
877
1142
1008
7710
7826
4960
7113
9542
9052
8996
3220
379
8489
1127
4000
6070
7427
9916
19
2282
8161
5014
8160
3860
622
3194
1245
4287
4445
8105
1389
5517
8706
7437
7499
4213
5783
8778
8988
750
5612
3806
4675
1061
9062
9300
3454
7102
5919
2225
7764
1776
4855
3378
7399
952
6515
7935
4675
3135
3649
3039
488
6666
8060
1410
873
9312
830
1153
7907
2321
9935
7235
2951
5077
1019
5435
964
6513
3185
1934
2765
8500
3853
3493
2806
8431
2976
7712
143
3710
9256
1980
9818
4311
9962
7680
6546
6596
9406
3759
7400
5128
4178
3663
739
8941
391
2754
5139
4540
401
2820
1897
7436
4816
5101
488
8922
7006
740
3652
6893
1108
9206
1256
1460
9375
4117
3661
2940
4033
4706
3918
4313
4623
656
7560
2535
746
6107
6799
4203
6413
6113
5087
3143
2644
8775
2722
4418
567
779
8360
302
7982
4978
6432
4740
8164
7179
7516
9189
3589
541
8442
6353
327
7459
8441
8771
7142
8424
2307
7195
1860
2795
7134
7959
2383
2140
8768
7773
7313
6489
5737
5072
6983
6426
3440
1361
3552
3235
4802
1153
5521
6632
9658
6996
9143
1414
8029
1479
9710
2463
1259
3689
7286
6283
2410
5563
7227
9227
6961
6824
853
4087
8050
3906
5699
6891
200
8687
985
9577
7797
7485
3239
106
7877
3891
9647
9625
3163
8018
3742
5723
4782
2765
2279
3267
2000
7416
1630
8835
4758
2704
4216
7689
1938
9165
6737
855
3271
6062
3243
6697
7163
5544
6876
7198
7972
5348
8750
1808
616
9019
364
7440
8568
4685
58
4933
7086
8369
7848
4461
3338
8744
2012
709
2009
3139
252
8746
1834
7533
4283
3108
2496
4012
8326
1246
6376
5010
4101
752
8268
8138
341
566
8816
464
2045
5545
5699
5535
4857
6303
1510
717
6182
4959
1624
3286
3483
5518
1271
5869
1015
9354
6120
5833
9734
9553
94
5324
9543
9550
608
1504
9844
5603
6166
8818
5955
8573
1723
7431
178
4752
4471
8434
1219
9089
3266
2944
795
843
1571
8017
4664
8622
229
8168
5195
7888
8914
5531
9913
6206
4243
8956
7278
2086
5897
8769
8209
2503
2624
8515
7955
9946
2212
859
4822
3774
2301
2126
6762
8471
4842
1159
2792
8143
4573
5767
1756
8446
2600
4816
6671
5770
5394
37
3414
171
3277
9676
1766
2202
2488
3567
9436
8900
52
232
7083
2251
7085
6328
4537
8178
4840
3301
3467
1037
8216
6158
2667
6560
7212
5479
1817
4418
7789
543
1077
6449
4655
8069
8032
162
5934
9115
6142
2007
2586
3437
4993
1813
3854
678
2110
3884
352
8672
549
5108
2039
4210
4046
2607
2808
1593
2707
4007
2488
2660
3743
3005
8217
4096
6061
9072
244
9976
95
1800
3298
7917
6785
3089
9428
9390
4207
8077
2322
8892
1281
7523
8286
5351
8341
3174
8057
9297
1375
6608
1645
3810
6344
8994
1844
924
4531
8343
9569
7869
5076
7778
9931
2235
8340
1670
5691
3247
8910
8314
4784
772
191
883
1207
1795
6878
1840
3878
5672
254
9082
5650
3453
2356
2305
4760
1408
8124
5301
2837
2148
6363
1453
7132
8423
8380
966
5254
9299
6442
64
9418
540
1905
4633
1343
9606
8497
2949
9103
6637
9
7128
8394
3048
61
836
5260
626
2552
5130
3116
4954
8890
9137
7989
9002
4004
8889
6023
7908
7826
5695
5713
5526
4864
5663
3026
8638
5765
5323
4
645
875
6018
7917
7109
7618
6734
2802
1766
9549
3617
8021
9152
5461
5260
5069
9825
4633
5865
4135
7972
1535
471
1239
1510
5999
5332
448
7002
5902
264
6963
2985
4295
7916
3354
534
3580
3881
1653
6704
3540
4133
2914
9958
763
8828
5940
478
9051
6056
3561
1346
5597
4055
4655
218
9994
7461
6601
6196
513
3877
8861
1279
3228
9252
6012
6804
4278
7283
7545
9365
3192
746
3755
4705
5225
9085
9796
8755
642
8647
3739
4810
2553
7413
9146
4767
4153
9671
9544
7975
4227
895
2720
2053
8681
9877
5237
2570
3809
6396
8804
5030
1189
6358
7096
743
3198
1699
7220
9530
9579
6078
688
391
7370
7905
5465
2753
1698
985
6617
1442
2044
5310
6342
7767
6623
9634
2965
8677
826
1737
5271
6911
1577
6555
2192
7916
6803
786
1096
2149
1277
6831
4172
8937
1831
1689
2741
4240
5657
2597
6555
7621
5523
6629
902
1640
9994
5803
4115
5547
4054
8921
1159
5758
6863
8469
7698
3554
7528
7128
1283
5691
8014
2532
1283
4083
1781
6554
5091
1037
2866
9592
3411
5375
9904
1397
5907
7469
7960
418
3818
2596
1828
7191
6863
6602
6523
9319
2837
759
7719
2422
4678
6265
9760
6954
5831
209
1071
3705
1597
9389
9046
9470
1878
6283
7538
5573
8251
778
5769
2339
28
7912
5767
5081
4658
8528
2864
3294
3001
54
9561
8210
2227
42
8353
452
6713
3024
9416
5968
3011
6251
2967
8975
2496
9100
4074
4728
3284
2215
8926
55
4624
4903
3824
3179
769
9543
7196
9881
3315
9492
4496
5214
2307
9146
4795
6678
2534
9999
980
3198
3217
1573
5294
2387
8036
4610
161
7727
6972
3045
19
6040
2250
881
6985
8484
2243
7074
3752
8668
5531
3106
9420
80
3595
376
3283
658
1276
8698
6564
8072
4056
6284
8347
1626
8734
8577
9574
9298
5602
6735
9702
5669
7381
425
1889
6231
6681
6225
260
8555
9591
1330
7731
5885
8021
926
6120
8077
6597
6328
8693
3744
8347
3364
8653
7248
7997
3446
3734
4309
3564
2152
2262
3903
6410
1666
3608
8843
8361
4687
2958
7464
4742
5849
6251
3754
3624
929
6987
9239
6129
3819
1402
4190
9072
2541
8124
9888
8713
2368
6336
5285
1051
8118
3453
4063
6426
1189
8340
7570
6672
6273
8733
1470
1672
8841
4307
162
803
7939
4701
3471
7082
9722
7809
9204
6345
2112
656
1832
8506
1040
2710
4773
4461
8474
6137
9716
5475
9763
4194
9379
3062
8295
2864
1104
4226
7361
12
8057
8189
3331
5709
4127
1269
7772
4073
9787
3444
108
8103
1740
3380
8690
31
3163
8230
1424
4193
8697
9481
1079
3869
9269
5940
4441
6728
2130
4948
7980
7653
7152
2438
8729
6664
6233
4104
4081
1609
1085
5799
4929
6677
4594
7866
5072
2275
1054
1514
8282
4374
1625
3182
3399
8339
1398
9223
7527
3906
8860
9778
3418
5992
5026
8256
4936
9088
9209
7971
7092
9546
1967
368
6080
6129
7789
6931
198
9966
5426
6454
427
2517
1259
3687
6244
9318
4657
7931
3849
8911
9697
6192
747
7479
2946
9811
2702
5768
6211
7688
2238
528
4075
5681
7604
7628
5989
1229
7734
2694
5415
3393
9017
5766
3397
4203
5585
3344
7036
9786
8750
6342
7733
9710
7316
5835
880
1321
9839
2498
2161
7691
5055
4627
29
829
3124
7262
277
9700
7904
7010
290
2593
5407
8740
4822
2317
4553
2111
6401
3331
5590
8793
5530
4526
6579
5899
3403
5938
5737
2934
841
8977
318
210
1733
1538
1127
4531
3023
3745
8412
6803
2543
8201
8356
6548
3153
3932
7272
5026
3730
6555
598
8870
46
9036
6591
3270
785
6607
4674
2048
1295
6411
1266
5463
5645
6811
3754
4982
3829
477
4090
1394
9447
5926
3440
2073
4643
9545
8770
4817
4558
10
1320
1878
9316
4793
6241
6541
3209
2857
867
8555
3283
9342
8508
8046
3044
7768
8394
1290
9700
6400
3819
252
3095
4406
2467
3651
8973
1237
3508
8983
9987
7202
5432
9384
1902
2203
553
7608
5186
196
4701
9557
2831
3546
7952
9179
570
1641
5427
4820
3717
3019
6267
121
8264
8027
6563
4725
3686
4729
236
8605
9878
8295
9088
8271
4451
6161
1681
7169
2628
4476
8838
574
7876
6437
383
8289
5884
20
348
3910
1159
3867
135
2440
4984
8874
3243
8119
15
5830
9444
3441
2302
7091
20
6941
2680
2079
3752
9776
4902
6219
1196
5493
6684
1826
6317
5633
1305
2220
9947
6181
212
8026
1819
99
793
9329
9806
3760
4538
1939
8889
6598
2229
4761
2389
1089
4526
9951
1292
5370
5637
4958
8496
5958
8501
1447
2596
2109
8049
8450
420
3492
6162
349
4448
9510
4118
323
2893
964
649
1135
9576
2104
6891
5236
6515
3039
226
1817
2873
1608
742
98
1241
2442
3416
206
5402
6667
6844
7213
1891
7883
6676
5764
6449
8169
3107
4936
3098
4461
1418
4712
21
2454
1363
256
9266
110
8030
5235
1164
1500
9266
3820
5411
5662
7038
3961
6771
1931
6994
4126
573
5282
7870
1158
1445
3802
3184
7591
3295
6183
2089
6766
1810
7159
6344
2868
1371
2525
8697
2639
7705
691
2069
4491
2547
8147
5037
3713
8079
3725
5263
4835
6077
5453
9739
5150
547
3101
7579
9006
3610
7907
7028
3830
43
7192
9719
7275
5229
5100
1984
4399
9776
768
7582
2165
1491
2443
5598
6840
6155
8443
3616
8074
4515
6121
4402
7753
172
8855
3940
6821
6514
7166
830
6099
4158
4035
6791
2690
855
6891
9054
1397
7906
6076
7855
4470
7438
9782
938
7268
5628
713
302
1591
2281
4000
8104
1921
2742
2171
7464
462
743
8038
3233
1419
5888
4733
2534
996
9894
4371
8669
4360
9444
4334
3610
7339
9073
5386
7835
2418
8997
8025
2596
8879
2081
6342
1514
3802
4151
4666
7323
6482
2077
3298
4510
1574
6824
1698
7122
1060
520
2024
4217
4898
1410
630
514
6694
2166
8904
4838
5339
9862
9988
221
5896
1404
6307
7616
9830
4151
5593
6880
9399
7825
4326
558
2254
7398
7413
2690
7008
7203
1215
6013
4350
5572
4881
6308
1534
2188
141
6936
8997
6137
4002
1612
4413
3453
5431
1002
7242
1078
8526
5576
4033
63
8514
1222
8092
8971
6255
7123
9058
452
125
4794
576
7908
7017
4488
6796
7067
893
64
2039
7140
7774
3158
2772
4006
4776
5893
2072
6400
7317
7390
1469
3416
1711
5588
7062
3238
8889
2369
4305
726
3695
1105
6536
5334
7226
2180
4096
9104
9723
8610
2333
8302
5351
6450
7933
1696
6434
8070
7707
3117
6855
9702
1749
60
8220
1991
9795
4900
7843
1913
5401
9193
5226
7388
8609
2230
8245
8525
4808
5826
5357
5836
3595
4503
5634
9307
8664
5872
5026
280
9292
6078
4925
640
1612
1386
1569
4249
3231
8014
4281
5455
3989
4487
7701
6761
3762
1707
9337
6336
7062
4758
2290
3099
8376
1480
6753
2073
6329
224
4826
7442
4730
619
6249
7634
197
5489
1640
8077
6141
2785
5307
1816
7031
1143
1150
617
4322
5921
1201
473
1462
2710
5804
3999
6629
5223
7697
6253
39
8828
6962
2996
8782
2544
6875
7130
7889
9529
4581
8227
6317
8178
3259
6300
9439
6850
9321
598
3080
5586
480
8004
6377
3853
7293
1374
5913
5431
185
8469
2918
9224
3684
5439
5976
3180
6173
371
7595
1916
2326
1096
2861
7459
599
1486
2359
3706
7237
4832
3055
2582
7619
8301
8084
518
4677
2249
5436
318
2016
5893
371
3309
2414
7780
6629
9209
7981
702
7895
3535
9355
4237
5947
5319
2283
6685
3175
3781
5921
6383
260
1104
7574
7675
6709
8696
5016
3460
1067
5897
6926
6630
5993
3830
6571
3091
6162
8442
4530
2370
1679
1612
5462
7376
5170
9075
9210
5734
7173
5189
4440
3782
2297
7483
5368
4199
1568
1644
5428
9626
7711
509
4190
7580
1227
1008
2117
8293
719
2118
3321
364
5497
8047
9599
2002
1894
6303
9057
9325
6409
8910
1663
461
3427
4907
49
7829
4545
1561
4274
1002
6240
9688
96
170
3995
7549
3660
90
2660
4754
3471
6484
8069
4060
698
5306
7680
5692
4575
6132
3411
1058
3080
9021
7664
4233
9310
7011
9363
631
3694
801
866
1481
8221
315
945
9617
5451
1870
6397
5653
8614
9102
9168
7669
747
2614
1214
4728
9985
7339
2642
9579
6046
7960
8377
353
8787
8296
3561
2662
1936
6341
3327
6905
3932
227
4973
9077
3614
3537
1521
8823
7564
6444
7515
1965
2628
6786
7392
718
7412
4878
3710
791
6634
7649
3830
2400
786
9790
8686
3036
895
6926
6990
5374
2241
5950
9245
5996
7012
9649
2815
259
906
5791
7101
5029
1833
8552
8008
7781
6425
5300
8043
1704
3233
9026
1186
6768
6223
4444
678
9889
4872
949
4505
3524
5631
5492
4106
333
7961
4809
4360
3447
8007
4772
5484
662
1055
4523
8383
9121
4474
1648
4653
8597
8788
4895
4210
1525
9564
9297
9872
5641
6625
9027
2282
5075
9538
3940
8622
2219
6519
134
7988
1121
3822
7177
1191
3816
1144
1675
1626
2573
8130
924
3579
5381
7628
3350
5015
6759
1938
1266
4297
1716
7789
7079
2378
4210
6948
6533
2303
7815
7351
2569
4353
9171
7688
4054
8531
9478
9394
7136
696
9569
4847
6894
961
7696
4082
1824
5910
2098
6797
6394
5793
7138
1349
2857
3360
475
9441
4313
4485
9375
7137
7507
8571
8074
937
1577
903
5140
3713
3811
6369
62
7768
5614
686
3581
4135
1744
8516
9638
4002
1003
2113
3783
5199
6513
331
7378
5300
7239
534
361
5028
1377
9128
4815
1640
3661
4551
392
3858
5711
2981
7900
8311
2984
551
8980
3913
9998
8733
1692
2031
8975
6202
1327
7112
5713
188
7121
502
8409
7903
2536
5492
3898
6797
7654
7883
5093
1054
1497
2401
6880
2042
6463
6485
84
5796
3889
1783
8124
7144
7704
7876
16
3554
968
3868
5684
8271
4229
6990
8739
2405
982
9694
2126
3870
6601
9476
8281
9872
1064
9012
4446
9521
7006
6084
6525
5825
6951
5044
7351
9013
7062
7725
844
6343
8759
3381
8994
1290
8320
6918
5748
387
9575
3501
9113
5088
622
9092
268
8328
824
5913
5063
2875
4731
3796
6134
1712
8744
8549
5659
6869
2584
2849
2641
2932
2389
9196
6518
1348
8293
5206
4065
176
7279
6912
4470
7092
6580
2114
8221
750
9938
6337
7383
5309
2637
1417
8377
5852
5969
5238
2416
5822
804
8095
6998
1227
344
5032
7905
8982
9209
8222
6563
4709
495
1867
6210
6445
9291
2669
8949
8727
7954
8794
8671
3267
5094
6408
6865
9248
2981
600
4895
5187
4173
5558
329
251
8705
1806
4931
1871
3768
3949
4324
2600
4298
7305
7830
7415
9314
6658
1665
3394
7948
4598
4613
4795
8322
2174
7166
9610
9905
724
904
9669
5251
6911
6828
4455
5538
7558
6100
2249
1555
9782
6329
3717
2755
6305
9730
8141
1497
553
6990
8219
5214
156
9603
3364
9862
7216
9568
7851
333
671
4676
4771
3072
6622
7899
4208
6495
2645
6261
8354
1321
651
2588
5648
168
6635
5153
1765
1270
1589
9356
6885
9058
7844
7066
2312
2731
3341
9734
2068
6865
3939
7646
6042
6917
733
8191
9646
5817
2565
2865
5884
5480
856
7283
494
1665
2089
1284
8036
7494
3967
8719
5930
7880
5085
4762
9385
6073
3675
5482
2031
5548
4493
9987
2904
2868
9088
1008
1581
6183
7314
53
4701
6747
6492
5744
3607
1915
6810
9718
7586
3962
2606
3389
1350
6064
8429
351
6452
2951
8076
6213
72
7874
8917
549
868
6119
7847
8832
7825
6605
8337
5278
9577
9200
53
4102
4336
473
4883
3890
8456
4361
8294
6393
3486
4117
1135
1462
6704
5078
638
2909
1893
8969
7145
4906
7235
2095
5946
3389
5291
720
9597
7520
610
2427
8750
6985
8795
8865
234
4391
4689
577
9659
7923
5357
5415
7991
6341
2421
8372
3734
2157
4954
1751
1685
5948
4344
105
8729
8761
9608
7914
5113
8541
4870
7756
888
517
4338
5607
4787
1091
3216
254
3054
7754
3136
3090
2810
6211
923
4205
7840
921
2167
8880
7950
5651
5711
8222
3464
6376
3066
2175
3469
2151
8629
2524
5295
1584
4421
5668
1105
9865
1587
4485
4933
4101
7882
2397
8967
9130
9942
8727
5195
1937
5816
5288
4355
4050
7617
181
9974
4067
9966
9342
7426
2309
7200
5443
3435
3288
8835
4702
7934
9864
7307
7996
1834
8254
439
747
6378
7662
8181
6198
1270
1855
453
672
670
7292
523
340
4465
6119
4860
892
5316
3910
5308
9979
7216
8143
4103
5593
9247
6690
6520
5681
8784
165
8527
4585
7805
7635
3609
2189
228
8292
9790
7483
9753
9963
3384
2883
7851
1834
1924
8339
493
4685
8998
1224
4127
3156
1164
7872
8048
5008
3967
9822
9194
6461
7744
2461
3942
8306
8506
1351
5612
7783
4192
6141
1200
7191
5723
9110
6677
2416
1373
2212
6192
8749
1240
717
8910
4
3012
2991
9940
7867
4736
3922
8936
2211
1322
7106
2050
6482
6811
9394
6616
5220
4948
1841
3417
9974
8172
1326
6030
1649
8897
7457
2948
2344
582
4197
4257
3132
5276
9281
5525
8487
6856
3359
4805
4528
1518
2102
5128
1230
4347
5071
8698
7737
6906
4461
4560
7220
2489
8317
3690
440
5890
3851
8136
2532
3787
7128
8886
6846
8589
9718
1800
8158
3974
5692
122
8083
1614
1828
5494
2336
5672
1640
9581
2344
3394
2314
1965
8713
4144
6851
8417
1289
2964
3629
1622
9114
4284
1481
6222
5836
909
1538
4319
2714
577
5968
4646
6906
9277
6622
4158
2153
682
9534
6853
4817
5359
7932
2765
3641
1422
84
5886
7540
365
6938
5351
5898
2315
841
6865
1916
7659
4210
4691
2159
1709
1877
5297
5682
3976
8579
9732
8128
8643
4955
4132
2555
2449
6629
1652
1958
5813
5275
8844
6488
7101
4529
2340
8870
2313
6107
9496
2110
3567
5033
7038
9389
507
6296
2283
6197
7130
9220
4145
9382
9483
6427
7316
7748
4447
6254
4782
5333
9127
8799
3654
1749
9484
6396
4998
9411
1630
2432
1112
8251
3942
2825
3715
3675
9566
4190
7372
288
2328
6283
4159
1875
181
8585
3607
8114
9567
5928
1893
724
44
842
7362
4630
8881
6146
8980
4432
4332
828
4088
839
5569
8612
4059
3687
4204
2218
3988
186
9076
7407
6077
9031
7461
9295
4357
1356
4643
9783
5536
6212
6609
4096
3295
5622
538
8273
4757
2178
8331
3887
8169
1637
678
331
2628
7441
8710
1506
4061
8147
2865
7110
2957
3301
4809
7738
2800
8695
3045
2375
7333
6484
9329
4856
4231
1348
4054
1775
3648
2187
3649
3894
6222
8757
1153
9136
5784
3503
1715
9763
5782
4337
6295
1550
6196
449
4648
1500
1584
6870
3108
1565
2658
2884
7136
1224
8950
9965
2873
9338
6953
6771
9143
4288
1685
299
6205
8864
4265
1720
8935
4826
1965
7008
7793
2081
7076
4850
7647
5267
955
2765
7308
3499
8282
9416
506
1550
2103
9444
6709
7914
1525
1553
9323
9222
8519
6504
9864
3863
1055
8203
8623
7354
927
8163
9860
4015
6873
1258
7807
2716
2515
5244
5118
9764
7131
1425
7766
6971
6503
7944
7688
8346
3396
8119
5320
1176
3647
6901
82
2541
118
3545
8388
8149
157
2228
329
561
8296
6212
6702
8332
117
2120
3219
1441
5666
6869
808
8804
1234
1300
6739
9249
4531
7731
7170
8984
1359
8132
3801
7868
1153
2719
4612
2455
9670
2785
5385
7359
1195
868
8428
5309
8492
1451
651
8031
4151
3567
313
3652
8192
36
8600
8542
9530
1576
7816
7816
9488
8866
1507
4839
6562
4140
9434
5248
6785
2793
5663
2319
3251
2965
3229
4548
6936
1106
3293
6536
5043
5843
713
5523
2518
4161
9053
7552
2238
1678
733
4514
4816
9174
1567
5937
2835
7182
649
5134
6447
2240
198
660
4336
9918
1845
53
5709
7012
5573
8466
7394
7672
6533
997
7649
5607
893
4554
6907
7304
7608
259
8390
821
1744
2500
6667
3495
6928
4774
5257
9524
559
8372
6916
5810
3228
2851
5337
9677
9248
1081
9106
7907
27
1943
1526
6554
2261
4854
9838
2682
7904
1384
6429
6797
1176
4141
8692
4012
4388
7427
3745
1928
5563
4827
4715
6806
3032
4875
3202
1250
7216
1091
642
1911
3999
4442
5895
8585
2347
8436
8303
2868
112
1105
7479
6888
5979
5832
2323
1265
5983
2525
4741
127
4569
467
8826
8453
7364
3985
8320
5237
6988
367
4018
4756
6845
1663
7179
9506
3131
9511
8106
8905
6347
8802
189
3726
4431
6822
695
2061
4351
3150
6408
453
9570
4838
3903
6847
4446
4506
6375
2978
3853
8244
9947
5253
5996
1933
2213
5536
6107
1172
9803
6089
5441
3910
8460
1296
9743
2610
8027
8225
566
5702
7459
4665
5309
1082
1927
1046
3395
7137
8912
3445
3666
458
5833
8531
3890
8999
81
4459
6838
4907
2128
1056
1803
6246
3213
740
2041
9604
9241
746
104
9865
5836
1670
3272
9720
1932
3431
4578
9619
4763
7019
643
1916
5512
6832
4358
9531
3767
7222
3720
6727
3572
3002
5788
5275
5678
3913
6942
7281
8074
2899
4333
3428
7439
9785
9904
3735
4395
8928
2747
3247
9017
435
3071
225
5268
4119
9488
9064
2963
483
5882
577
1546
475
1482
8307
146
3460
772
8516
1792
6076
4706
1451
4751
6028
1420
8724
9435
3632
6143
6411
2936
7509
2196
4550
4834
4688
5269
485
6574
9481
3762
8523
4184
8008
5646
1910
3793
4898
8830
9718
3561
7476
6652
6074
8048
1625
7315
2601
1947
987
7444
7891
6837
5995
536
7236
2212
3430
5698
3607
5925
842
6053
5760
8887
8032
5299
6924
2303
5276
5433
9953
6010
8474
54
6235
3554
5879
1389
7827
6688
1032
5597
5208
5796
6217
4318
6610
7992
1609
3561
7766
1907
9061
3751
8492
9026
5886
7538
6975
7586
112
1938
383
3876
1347
9530
9196
7592
2881
9411
6045
6276
7904
8436
4188
4446
6078
7768
78
4178
1317
4717
2878
7860
6907
364
4301
6960
9479
1498
4613
2441
4688
9391
900
5616
4111
1036
2156
5343
7673
5900
5738
9249
2708
9514
5757
7973
8141
2830
3030
7519
3462
6334
1875
5710
4249
4246
1941
250
3294
4564
5751
2270
3504
7483
4126
6760
8399
8913
8777
2152
2019
7
9253
6192
2187
6015
1311
5530
6780
7108
4271
2236
4093
1447
800
1714
1563
7448
6786
5625
4032
2819
4197
1465
149
9893
891
1654
6234
2677
9634
2390
4434
2093
3362
1464
5473
5842
7612
6994
4179
2713
6675
4789
4402
459
4968
5090
5294
4475
3732
7289
7961
7418
286
6981
9756
4065
4213
389
2923
2145
553
3610
1254
8522
6817
3373
2787
7436
3350
9196
5868
3130
3067
768
7893
970
3701
6058
3826
9367
5681
6130
4039
6342
8720
1467
2562
8881
2788
7957
6248
5602
6724
9659
2259
6244
1175
5383
5885
8744
9329
6423
9474
4672
9455
3147
4324
874
7019
7095
5574
7745
2980
296
3183
8614
5310
8442
1389
3550
6974
6937
2682
8583
7721
7225
8976
9605
3418
8441
1968
6022
7777
5507
4970
2586
8892
4851
8325
3455
1231
5313
6696
7885
8873
606
650
1736
7498
3324
5693
4684
8416
657
2718
6248
4251
6818
6636
7852
7142
1750
1440
2452
4698
5777
2101
1747
5671
8669
1391
6487
3925
8110
6063
7591
4786
9817
2154
9700
9570
2513
3350
3680
799
9612
3889
1409
1401
735
9708
9689
79
9812
2274
9979
1134
8397
6079
4615
815
2501
4078
7289
7871
3603
1961
6148
863
4747
7645
2440
2666
1258
880
5056
9837
377
6803
4835
7274
9385
3021
7781
7042
4330
7930
9118
272
5795
3126
6910
4180
4087
4564
6619
1031
8676
8483
3459
1218
3817
4604
1532
9400
4113
1189
5991
7326
4429
2600
9501
6276
8057
4668
498
5243
305
1669
9021
1265
5344
7798
6385
2726
5851
3061
7728
1702
8565
2372
2189
5188
3349
1056
5625
2888
6226
2304
4932
2447
3248
233
9299
555
4667
3796
468
5110
5453
388
2356
2749
7991
5457
2464
9195
4114
702
4764
8062
1386
3057
3008
1589
8981
3268
8884
8450
7470
2315
528
1060
7452
5240
1846
7738
634
2189
6411
199
1907
5905
4653
9377
4381
9067
8334
9046
1610
797
1035
3883
7294
7746
6478
5152
4577
797
4471
9960
719
6380
8553
8900
2159
2933
5237
1488
4872
2406
3388
5490
6602
806
9996
8940
552
2270
7123
2671
2389
8865
4274
1463
7574
2458
5227
4592
2354
4295
886
1585
9892
3204
9208
831
701
5900
5827
4413
9582
8499
1930
8715
8025
4512
4138
8882
3574
9180
26
2319
7091
9785
484
1055
1969
3204
9615
1323
9632
4647
1903
7427
3971
1990
6171
899
8779
3415
1494
7294
8470
6987
1375
1289
4812
523
1071
3754
8328
1875
5381
8165
7596
1191
4617
5300
4453
2557
6614
3595
4336
6345
2616
9611
2023
4653
9221
6927
7631
4027
6295
314
4080
1843
3935
5955
8259
1099
4731
8730
4891
8317
2072
3078
9265
2746
1564
9647
6157
453
5102
2783
1789
933
2493
7490
3813
7869
5943
5825
8375
2136
7642
6510
3926
8285
1488
2634
1790
3460
9639
8617
8545
2371
2489
1253
2037
6615
2388
1070
8473
8793
5752
885
8107
5088
2675
8806
2754
1350
6551
8426
1337
8109
7175
1043
669
6643
136
7742
7696
837
2096
7144
692
4334
612
1714
6194
101
9452
1674
7670
79
5274
5840
4119
2029
2455
8935
9126
9404
1888
1544
2088
7328
3014
8096
4900
4907
3626
759
7887
2208
8303
6238
71
7492
7596
8209
7387
3080
3774
3050
3767
6044
3252
7122
9325
9134
9276
3832
7962
5269
835
8029
8192
1778
4777
1363
1078
7968
5951
2338
6059
8981
379
8092
4892
9482
4903
8064
2875
4039
221
1204
498
3763
871
4153
7618
6033
2764
7618
4129
9474
1855
329
8886
4773
4877
7353
1623
4036
8812
7584
9511
9341
3553
5355
5808
7516
7951
1525
3786
8079
7968
7388
1143
146
9714
38
2145
205
3198
7837
3928
4276
3884
4010
1719
5773
3454
1769
3179
2959
2225
6536
4327
8317
2113
5103
8313
8059
535
9043
6904
3309
464
3523
5967
9589
9465
4139
4796
4471
4456
9684
1764
4784
4913
4468
4045
4166
2078
4180
1374
60
4657
9311
1399
4675
2150
3108
9656
5339
5485
2805
8964
6239
7182
6155
8305
227
2994
9089
621
1173
8316
4180
8254
4355
7998
9325
8395
6518
2020
6519
3410
7301
5637
6988
111
7744
5727
7869
9428
8160
5926
4940
5533
2007
3659
