3
4
6
7
7
11
11
12
13
13
19
19
19
20
22
28
32
33
34
34
35
36
36
36
36
37
38
38
41
41
41
42
43
44
44
45
46
46
47
50
51
52
55
55
56
57
61
61
63
64
65
66
67
67
67
68
70
70
71
73
73
74
77
77
79
81
81
86
88
90
94
94
96
97
98
99
100
100
101
102
102
106
108
108
111
112
112
114
114
116
116
118
118
120
120
122
122
123
125
125
127
129
134
134
136
139
139
140
141
141
142
143
145
147
147
150
151
151
151
152
152
153
153
156
156
157
157
160
160
161
161
162
162
164
166
166
166
168
170
171
171
173
174
178
182
182
183
184
185
186
186
187
192
193
194
195
195
195
197
197
200
201
205
206
206
206
206
209
209
209
210
211
211
211
214
217
217
218
222
224
226
226
228
229
229
230
230
230
231
231
236
237
237
240
245
245
247
249
249
251
251
251
252
252
253
253
253
254
255
260
261
264
264
265
265
265
265
266
267
269
270
272
274
277
279
279
280
283
283
284
285
285
288
289
290
291
292
292
293
294
294
294
295
296
296
297
298
299
301
301
302
303
305
306
306
307
307
307
308
310
310
314
315
316
318
318
318
319
320
321
322
322
323
324
324
325
326
329
330
331
332
333
333
333
334
334
335
335
337
337
340
342
343
343
346
348
348
348
349
349
352
354
355
356
357
358
359
360
361
361
362
362
362
363
365
366
367
367
368
370
373
377
379
379
380
381
381
382
384
391
393
394
394
396
398
398
399
401
402
404
405
406
406
407
407
407
408
410
412
413
415
417
417
418
418
421
421
421
421
423
427
429
432
432
434
434
436
437
441
442
444
445
445
445
451
453
453
453
453
454
454
457
459
460
460
462
463
463
466
468
469
471
476
477
479
480
480
481
482
484
485
485
486
489
490
494
495
495
495
498
499
501
501
502
502
503
507
507
507
508
509
510
513
514
514
515
515
517
519
520
521
522
522
522
524
524
525
525
526
527
528
529
529
530
530
533
534
534
535
536
537
538
538
540
541
541
541
542
543
543
544
544
544
545
545
546
550
550
550
550
551
553
553
554
557
562
563
563
563
566
567
569
569
572
572
573
574
574
575
577
581
581
582
583
583
586
590
591
591
593
594
595
597
598
601
601
602
602
602
605
605
605
605
606
608
609
610
610
610
611
611
612
612
613
613
614
614
614
615
616
617
620
622
624
624
624
624
625
625
630
631
633
633
634
635
636
636
636
636
637
637
637
641
642
644
644
646
647
647
648
650
651
654
656
657
659
659
659
663
663
663
664
664
665
667
668
671
673
675
676
676
677
677
678
681
683
686
686
686
687
691
692
694
696
701
702
702
703
707
707
708
710
710
712
714
718
719
720
720
721
723
724
725
726
726
726
727
728
730
731
732
732
733
734
736
738
739
740
741
742
742
742
743
743
744
745
745
745
746
749
749
751
752
753
754
755
758
758
760
760
761
769
769
771
773
773
773
774
774
775
776
782
782
784
786
787
787
790
790
792
794
795
797
798
798
798
799
800
801
802
804
805
810
811
819
820
820
820
821
822
824
827
829
830
834
834
835
838
840
841
843
844
845
847
849
849
849
850
852
853
854
854
855
855
856
856
856
858
858
858
859
860
863
864
866
866
867
868
868
869
874
875
876
876
877
880
882
882
883
883
884
885
889
889
895
896
897
898
898
898
900
900
901
902
904
905
909
914
915
915
915
916
917
919
920
921
922
922
922
923
925
929
930
932
932
932
935
935
937
938
938
939
940
941
941
945
947
947
949
949
950
954
954
954
957
958
958
959
960
962
962
962
964
964
964
965
968
971
973
974
975
976
983
986
987
990
995
995
996
998
999
1007
1007
1010
1010
1011
1011
1011
1012
1013
1014
1015
1016
1018
1021
1025
1025
1030
1032
1032
1035
1035
1038
1039
1040
1041
1042
1044
1045
1045
1045
1046
1047
1047
1048
1049
1049
1051
1054
1056
1056
1057
1059
1059
1060
1061
1064
1064
1065
1067
1068
1069
1072
1075
1077
1080
1081
1081
1082
1084
1085
1088
1091
1092
1092
1092
1094
1096
1099
1101
1101
1101
1102
1102
1103
1105
1107
1108
1112
1114
1117
1120
1120
1121
1123
1123
1123
1125
1127
1127
1129
1130
1132
1132
1132
1135
1135
1136
1136
1139
1139
1140
1141
1141
1143
1143
1143
1144
1144
1146
1146
1147
1147
1149
1150
1152
1156
1156
1157
1158
1159
1159
1160
1160
1162
1165
1166
1169
1170
1171
1173
1173
1174
1175
1175
1176
1177
1177
1177
1178
1181
1181
1181
1183
1183
1184
1184
1186
1187
1189
1189
1189
1190
1190
1190
1192
1192
1193
1195
1196
1201
1201
1204
1204
1209
1210
1211
1211
1211
1212
1213
1213
1215
1217
1217
1218
1218
1219
1221
1222
1222
1222
1223
1223
1224
1224
1226
1228
1229
1231
1231
1232
1233
1236
1237
1237
1238
1239
1239
1240
1241
1242
1246
1248
1249
1254
1256
1257
1257
1257
1259
1259
1259
1261
1261
1261
1262
1262
1263
1265
1265
1268
1269
1269
1271
1271
1271
1272
1274
1274
1280
1281
1282
1284
1284
1285
1285
1285
1287
1287
1288
1290
1293
1294
1295
1296
1298
1298
1300
1301
1301
1302
1302
1304
1307
1308
1309
1309
1310
1311
1312
1316
1319
1319
1320
1322
1324
1326
1327
1330
1330
1331
1332
1333
1333
1334
1335
1340
1341
1341
1342
1343
1344
1344
1345
1345
1347
1349
1352
1354
1356
1356
1357
1358
1358
1359
1360
1361
1363
1365
1365
1366
1366
1367
1368
1368
1369
1370
1371
1372
1373
1373
1376
1378
1379
1379
1382
1386
1387
1392
1393
1394
1397
1398
1401
1401
1402
1403
1403
1405
1407
1408
1408
1412
1412
1413
1413
1414
1414
1415
1415
1419
1419
1421
1422
1423
1425
1426
1426
1429
1429
1430
1433
1437
1439
1440
1440
1440
1440
1441
1441
1443
1443
1445
1446
1446
1449
1451
1452
1453
1453
1453
1453
1454
1460
1461
1463
1464
1465
1466
1468
1470
1471
1473
1477
1477
1477
1477
1478
1478
1480
1481
1482
1483
1485
1486
1489
1490
1491
1493
1493
1495
1498
1499
1499
1499
1500
1501
1501
1502
1504
1506
1507
1508
1509
1511
1512
1513
1515
1515
1515
1516
1516
1517
1519
1520
1520
1522
1524
1525
1525
1529
1530
1532
1534
1535
1536
1538
1538
1539
1541
1542
1544
1544
1547
1548
1549
1551
1552
1555
1556
1563
1564
1564
1566
1566
1567
1568
1569
1569
1570
1572
1573
1573
1574
1574
1575
1575
1577
1577
1578
1579
1580
1580
1581
1582
1584
1584
1585
1588
1588
1589
1591
1591
1594
1596
1597
1600
1600
1602
1602
1604
1604
1605
1605
1606
1608
1608
1609
1609
1612
1613
1613
1614
1615
1617
1617
1618
1620
1622
1623
1625
1625
1625
1628
1630
1633
1635
1635
1635
1637
1637
1637
1638
1638
1638
1640
1641
1642
1649
1652
1655
1656
1657
1657
1657
1658
1663
1664
1664
1664
1665
1667
1668
1668
1671
1671
1672
1672
1673
1675
1679
1679
1680
1681
1682
1685
1686
1686
1688
1688
1689
1690
1692
1693
1693
1695
1695
1695
1697
1702
1703
1705
1706
1707
1708
1708
1710
1710
1712
1717
1721
1721
1722
1722
1724
1732
1732
1734
1736
1738
1739
1740
1743
1744
1744
1745
1746
1747
1747
1747
1748
1748
1748
1748
1748
1749
1749
1752
1759
1759
1760
1760
1760
1762
1763
1763
1764
1765
1771
1772
1773
1773
1774
1776
1776
1777
1779
1781
1783
1784
1785
1786
1787
1787
1788
1793
1795
1795
1796
1798
1800
1800
1801
1801
1804
1804
1804
1806
1809
1812
1812
1812
1813
1813
1816
1818
1820
1821
1822
1822
1823
1823
1823
1828
1832
1834
1836
1837
1839
1842
1844
1844
1845
1846
1846
1846
1847
1848
1849
1855
1857
1860
1867
1867
1869
1870
1870
1871
1872
1873
1875
1876
1878
1878
1879
1879
1881
1882
1885
1885
1893
1894
1899
1900
1900
1901
1901
1902
1902
1903
1904
1905
1906
1908
1908
1909
1911
1914
1920
1921
1925
1926
1928
1929
1930
1930
1930
1931
1933
1933
1934
1934
1935
1936
1938
1939
1941
1942
1942
1943
1944
1944
1945
1947
1949
1949
1951
1952
1952
1952
1954
1954
1955
1956
1956
1956
1957
1957
1958
1958
1958
1959
1960
1960
1961
1963
1964
1965
1965
1966
1968
1969
1969
1970
1970
1971
1973
1974
1976
1977
1977
1980
1982
1983
1983
1983
1988
1989
1993
1995
1996
1999
1999
2000
2003
2003
2003
2007
2007
2007
2016
2016
2018
2018
2020
2027
2031
2032
2032
2033
2035
2037
2037
2038
2038
2039
2040
2040
2041
2041
2044
2044
2046
2046
2047
2047
2049
2050
2051
2052
2053
2053
2056
2058
2058
2059
2059
2060
2062
2062
2063
2064
2066
2070
2071
2072
2073
2074
2077
2077
2078
2080
2082
2085
2088
2089
2089
2091
2093
2094
2096
2096
2097
2097
2098
2101
2102
2102
2106
2107
2110
2112
2112
2114
2116
2117
2120
2123
2123
2124
2124
2124
2125
2126
2130
2130
2131
2131
2131
2133
2134
2135
2136
2140
2142
2142
2144
2144
2145
2145
2146
2147
2147
2148
2149
2154
2156
2156
2157
2158
2159
2160
2161
2165
2165
2166
2167
2168
2169
2169
2170
2170
2175
2180
2180
2182
2186
2187
2188
2188
2188
2189
2189
2190
2190
2190
2190
2191
2193
2193
2194
2194
2196
2197
2198
2198
2198
2199
2200
2202
2205
2205
2207
2210
2212
2212
2212
2213
2215
2218
2219
2220
2223
2223
2223
2224
2226
2226
2227
2228
2231
2234
2235
2238
2238
2241
2242
2245
2245
2245
2246
2246
2247
2248
2248
2248
2250
2250
2252
2253
2254
2254
2255
2262
2264
2266
2268
2268
2270
2270
2273
2274
2276
2276
2279
2280
2280
2280
2280
2281
2281
2282
2283
2284
2285
2287
2289
2291
2293
2294
2294
2295
2295
2295
2299
2300
2300
2301
2302
2302
2302
2303
2305
2306
2306
2307
2307
2311
2313
2313
2314
2314
2315
2316
2316
2316
2316
2319
2319
2319
2321
2321
2321
2323
2324
2325
2325
2325
2325
2325
2326
2326
2332
2332
2332
2333
2335
2341
2341
2342
2342
2343
2343
2346
2347
2348
2352
2356
2359
2361
2362
2362
2362
2365
2366
2368
2370
2371
2371
2372
2373
2375
2375
2377
2377
2384
2388
2389
2390
2390
2390
2391
2394
2394
2394
2396
2397
2399
2400
2402
2404
2405
2408
2409
2409
2412
2412
2415
2417
2418
2422
2423
2423
2423
2425
2426
2428
2429
2429
2430
2433
2438
2438
2440
2441
2441
2443
2446
2449
2449
2450
2453
2453
2454
2456
2456
2456
2457
2457
2460
2461
2462
2462
2463
2463
2463
2464
2465
2466
2467
2469
2470
2471
2472
2472
2475
2476
2477
2477
2478
2478
2482
2483
2483
2484
2484
2485
2485
2485
2485
2485
2486
2487
2489
2490
2491
2492
2492
2495
2496
2502
2502
2505
2506
2507
2507
2507
2507
2509
2509
2510
2511
2511
2513
2514
2515
2519
2524
2529
2530
2530
2532
2532
2532
2532
2534
2540
2540
2540
2540
2541
2542
2543
2544
2544
2546
2548
2549
2550
2551
2554
2555
2555
2558
2558
2558
2558
2558
2558
2558
2560
2561
2561
2566
2566
2566
2568
2569
2569
2569
2571
2573
2573
2574
2575
2577
2580
2582
2583
2583
2583
2583
2586
2588
2589
2590
2591
2591
2596
2597
2602
2602
2602
2605
2605
2606
2607
2609
2610
2611
2613
2613
2614
2615
2616
2617
2617
2619
2620
2620
2623
2623
2624
2627
2629
2629
2630
2631
2631
2632
2632
2633
2634
2635
2636
2636
2638
2639
2640
2640
2642
2643
2644
2645
2647
2649
2650
2651
2653
2655
2656
2656
2656
2657
2657
2658
2658
2659
2661
2661
2662
2662
2662
2662
2662
2663
2663
2666
2666
2667
2668
2669
2670
2670
2671
2672
2674
2675
2675
2676
2676
2678
2680
2680
2685
2685
2686
2686
2686
2688
2688
2688
2688
2689
2690
2691
2691
2692
2693
2694
2695
2697
2700
2700
2703
2705
2706
2707
2709
2709
2709
2710
2711
2712
2714
2716
2719
2720
2720
2720
2721
2722
2722
2723
2723
2723
2724
2725
2726
2728
2729
2729
2729
2729
2730
2730
2731
2733
2734
2734
2734
2734
2735
2738
2738
2744
2744
2744
2745
2746
2747
2747
2750
2751
2752
2754
2755
2756
2756
2757
2758
2758
2759
2762
2764
2764
2766
2767
2769
2770
2775
2778
2778
2778
2779
2779
2780
2780
2780
2781
2783
2784
2784
2786
2786
2786
2787
2788
2789
2789
2790
2790
2791
2792
2794
2794
2796
2796
2797
2801
2802
2802
2802
2805
2806
2808
2809
2809
2810
2814
2815
2817
2821
2822
2823
2828
2828
2828
2829
2829
2831
2831
2831
2832
2836
2836
2836
2837
2837
2837
2838
2840
2840
2843
2844
2846
2847
2848
2848
2849
2849
2850
2853
2853
2854
2859
2860
2861
2861
2862
2864
2866
2867
2867
2870
2870
2871
2872
2875
2875
2876
2877
2883
2884
2884
2887
2889
2890
2893
2893
2893
2893
2894
2895
2895
2896
2896
2896
2897
2897
2898
2901
2901
2902
2905
2907
2907
2908
2910
2910
2910
2914
2915
2917
2917
2921
2922
2928
2928
2929
2930
2930
2930
2931
2931
2933
2933
2934
2935
2936
2936
2936
2938
2939
2939
2941
2941
2943
2943
2944
2945
2946
2947
2947
2948
2948
2949
2949
2950
2952
2953
2953
2955
2955
2956
2958
2959
2959
2960
2961
2964
2967
2967
2967
2972
2974
2978
2979
2980
2982
2985
2986
2987
2988
2988
2990
2991
2992
2992
2993
2995
2996
2996
2997
3000
3002
3005
3005
3006
3009
3011
3015
3021
3023
3023
3024
3024
3025
3026
3030
3031
3031
3031
3032
3032
3034
3036
3038
3039
3040
3043
3043
3044
3048
3049
3050
3051
3053
3055
3056
3056
3056
3057
3057
3057
3058
3063
3064
3068
3069
3074
3074
3074
3075
3075
3076
3076
3078
3078
3083
3085
3085
3086
3087
3087
3088
3092
3092
3093
3095
3096
3096
3097
3097
3099
3099
3101
3102
3104
3106
3108
3108
3109
3109
3116
3116
3117
3118
3120
3120
3122
3122
3123
3123
3125
3126
3128
3129
3130
3130
3131
3133
3134
3134
3135
3137
3137
3139
3139
3139
3141
3143
3144
3146
3147
3148
3149
3150
3153
3153
3155
3156
3157
3159
3160
3162
3162
3163
3163
3169
3170
3172
3173
3174
3174
3176
3176
3176
3177
3177
3182
3184
3188
3188
3188
3188
3188
3190
3197
3197
3198
3199
3200
3202
3204
3204
3205
3205
3205
3206
3207
3207
3208
3211
3212
3213
3216
3216
3216
3217
3218
3219
3220
3221
3221
3222
3223
3223
3225
3225
3226
3231
3232
3233
3235
3236
3238
3239
3239
3240
3242
3243
3245
3246
3247
3247
3247
3249
3251
3251
3253
3254
3258
3258
3259
3260
3261
3261
3261
3261
3262
3264
3264
3266
3267
3268
3270
3274
3275
3275
3276
3276
3279
3279
3280
3280
3281
3282
3285
3287
3288
3288
3288
3289
3291
3292
3294
3299
3301
3302
3302
3304
3304
3305
3305
3306
3306
3307
3307
3308
3308
3309
3309
3312
3312
3313
3313
3315
3316
3316
3317
3320
3321
3323
3324
3324
3325
3327
3327
3329
3329
3329
3331
3331
3331
3331
3332
3334
3339
3341
3342
3342
3344
3344
3346
3346
3346
3348
3351
3351
3351
3352
3353
3353
3354
3356
3357
3358
3361
3361
3364
3366
3366
3366
3367
3369
3371
3371
3375
3375
3377
3377
3377
3377
3380
3380
3380
3380
3381
3381
3385
3387
3387
3388
3388
3389
3389
3391
3392
3393
3393
3395
3395
3397
3399
3401
3401
3401
3403
3404
3406
3408
3410
3410
3412
3413
3414
3415
3415
3415
3419
3427
3427
3428
3431
3435
3435
3436
3438
3438
3442
3443
3443
3446
3446
3449
3451
3454
3456
3457
3461
3464
3467
3470
3472
3473
3475
3475
3476
3477
3478
3479
3482
3483
3483
3485
3487
3488
3492
3493
3494
3496
3496
3499
3499
3499
3500
3501
3502
3503
3504
3506
3506
3509
3510
3511
3511
3512
3512
3512
3514
3515
3517
3521
3523
3529
3531
3532
3532
3534
3534
3535
3535
3536
3539
3540
3541
3541
3541
3542
3543
3543
3545
3545
3545
3547
3547
3548
3548
3551
3551
3552
3553
3553
3553
3557
3562
3564
3564
3565
3566
3566
3566
3567
3568
3568
3569
3569
3571
3571
3572
3573
3573
3574
3574
3576
3576
3577
3577
3579
3579
3579
3580
3581
3582
3582
3583
3584
3585
3585
3586
3588
3589
3589
3589
3590
3592
3598
3598
3601
3601
3602
3605
3608
3611
3613
3617
3617
3617
3619
3619
3623
3623
3626
3627
3628
3628
3628
3629
3629
3630
3633
3634
3639
3639
3641
3641
3643
3646
3648
3649
3651
3651
3652
3652
3653
3653
3655
3657
3657
3660
3661
3662
3663
3663
3667
3669
3671
3671
3674
3675
3675
3676
3679
3680
3681
3682
3683
3683
3684
3688
3689
3694
3694
3701
3702
3705
3706
3707
3709
3712
3712
3714
3715
3715
3716
3717
3717
3718
3718
3720
3721
3722
3722
3725
3725
3725
3728
3729
3731
3732
3733
3735
3737
3738
3738
3741
3741
3743
3745
3746
3747
3747
3748
3748
3749
3751
3754
3754
3756
3757
3758
3758
3760
3761
3764
3764
3764
3768
3770
3771
3771
3771
3774
3774
3774
3776
3777
3780
3780
3781
3781
3782
3783
3784
3785
3786
3786
3788
3792
3795
3795
3796
3796
3796
3797
3800
3800
3801
3802
3802
3804
3804
3805
3808
3810
3810
3814
3815
3816
3817
3822
3822
3822
3823
3823
3825
3826
3827
3829
3831
3831
3831
3832
3832
3832
3833
3835
3835
3836
3836
3839
3839
3839
3840
3841
3841
3845
3847
3850
3852
3853
3854
3855
3858
3859
3860
3863
3864
3865
3866
3866
3868
3870
3870
3870
3871
3872
3872
3873
3873
3875
3875
3876
3877
3878
3878
3878
3879
3881
3884
3885
3887
3889
3890
3892
3894
3894
3895
3897
3899
3900
3900
3902
3904
3904
3904
3905
3906
3908
3908
3910
3910
3910
3912
3912
3913
3914
3915
3916
3916
3918
3919
3920
3921
3923
3923
3927
3927
3928
3929
3930
3930
3930
3933
3935
3939
3940
3940
3941
3941
3943
3943
3944
3946
3947
3947
3947
3948
3949
3953
3953
3955
3956
3956
3957
3958
3960
3960
3960
3962
3962
3962
3962
3964
3965
3965
3966
3967
3967
3969
3970
3971
3973
3978
3980
3981
3982
3987
3987
3989
3990
3991
3992
3994
3996
3998
3999
4001
4002
4003
4004
4006
4006
4006
4007
4009
4011
4011
4012
4016
4016
4016
4019
4020
4021
4026
4026
4027
4027
4027
4028
4031
4037
4038
4039
4040
4040
4040
4042
4043
4044
4045
4047
4047
4050
4051
4051
4051
4051
4052
4052
4053
4054
4054
4054
4055
4055
4055
4057
4057
4060
4062
4064
4064
4065
4066
4068
4073
4073
4073
4074
4074
4075
4078
4079
4080
4081
4082
4083
4083
4083
4085
4085
4086
4088
4091
4091
4091
4092
4092
4092
4095
4098
4100
4101
4104
4105
4106
4107
4108
4108
4110
4111
4112
4113
4115
4116
4117
4118
4119
4120
4121
4121
4123
4124
4124
4126
4127
4130
4130
4131
4132
4132
4134
4135
4135
4135
4136
4136
4137
4137
4138
4138
4140
4140
4141
4141
4144
4146
4148
4150
4151
4153
4154
4154
4155
4155
4156
4159
4160
4160
4161
4161
4161
4162
4166
4170
4170
4173
4173
4173
4174
4176
4176
4177
4179
4180
4183
4185
4187
4188
4188
4188
4189
4189
4189
4190
4191
4191
4193
4195
4196
4196
4197
4197
4199
4199
4203
4204
4205
4205
4208
4209
4211
4211
4212
4213
4213
4215
4216
4218
4218
4221
4221
4222
4222
4223
4224
4226
4226
4226
4228
4229
4229
4229
4230
4232
4232
4233
4235
4235
4236
4236
4237
4238
4239
4239
4239
4240
4246
4246
4247
4249
4250
4252
4253
4254
4255
4257
4262
4268
4269
4269
4270
4271
4272
4272
4277
4277
4277
4278
4278
4281
4281
4281
4281
4283
4285
4287
4288
4289
4293
4293
4295
4296
4297
4297
4304
4305
4306
4307
4307
4308
4309
4309
4310
4313
4313
4314
4315
4316
4318
4318
4321
4323
4324
4326
4329
4331
4332
4332
4333
4335
4336
4339
4340
4343
4344
4344
4345
4348
4348
4348
4349
4350
4353
4353
4355
4355
4356
4356
4358
4358
4359
4362
4362
4362
4365
4370
4370
4371
4371
4375
4375
4376
4377
4379
4380
4381
4381
4382
4382
4384
4384
4385
4386
4387
4388
4389
4389
4390
4393
4393
4393
4394
4395
4396
4396
4399
4400
4401
4401
4405
4405
4405
4407
4410
4410
4411
4412
4412
4418
4420
4421
4422
4422
4423
4423
4424
4424
4425
4428
4428
4430
4432
4432
4435
4439
4440
4442
4445
4445
4447
4448
4449
4449
4451
4451
4451
4451
4452
4452
4454
4456
4456
4457
4459
4461
4463
4465
4468
4468
4470
4472
4476
4476
4477
4478
4481
4481
4482
4485
4485
4485
4486
4486
4490
4491
4492
4492
4493
4493
4494
4494
4495
4495
4496
4497
4498
4501
4501
4501
4502
4503
4504
4506
4507
4508
4508
4509
4509
4510
4513
4514
4515
4516
4518
4518
4518
4518
4520
4520
4522
4525
4526
4526
4527
4529
4529
4529
4530
4530
4532
4535
4535
4537
4538
4538
4539
4541
4541
4541
4543
4543
4543
4544
4544
4547
4549
4551
4552
4556
4557
4558
4558
4561
4561
4562
4563
4564
4565
4566
4568
4568
4570
4572
4572
4573
4574
4574
4575
4575
4576
4577
4579
4579
4579
4581
4582
4583
4584
4585
4587
4588
4588
4592
4593
4595
4596
4598
4601
4602
4603
4604
4607
4607
4610
4610
4610
4612
4618
4618
4622
4623
4623
4626
4626
4626
4630
4631
4631
4631
4635
4636
4636
4636
4642
4643
4643
4644
4644
4646
4648
4648
4651
4651
4653
4659
4661
4661
4663
4665
4665
4666
4667
4668
4669
4669
4669
4671
4671
4674
4675
4676
4680
4680
4680
4681
4681
4683
4683
4689
4690
4691
4692
4693
4693
4694
4694
4694
4694
4695
4695
4697
4697
4699
4699
4700
4702
4702
4704
4706
4707
4709
4710
4710
4711
4711
4711
4713
4713
4713
4713
4713
4718
4719
4719
4719
4721
4721
4722
4723
4724
4725
4726
4729
4730
4730
4730
4736
4739
4740
4742
4744
4745
4745
4746
4748
4748
4750
4750
4751
4752
4755
4755
4756
4756
4757
4760
4761
4762
4765
4765
4766
4768
4768
4770
4772
4774
4775
4776
4776
4777
4778
4782
4783
4783
4784
4785
4785
4786
4787
4788
4790
4791
4792
4792
4794
4795
4796
4800
4802
4802
4804
4806
4809
4809
4810
4810
4811
4812
4816
4816
4819
4819
4822
4822
4826
4828
4829
4829
4832
4832
4832
4836
4836
4837
4839
4841
4841
4842
4842
4843
4845
4847
4847
4848
4848
4850
4851
4852
4852
4854
4857
4862
4863
4863
4865
4865
4866
4871
4871
4872
4872
4872
4875
4876
4880
4881
4886
4890
4897
4897
4899
4899
4899
4901
4901
4901
4901
4901
4903
4903
4904
4905
4905
4905
4906
4907
4908
4909
4910
4913
4918
4921
4921
4921
4922
4924
4925
4925
4932
4932
4934
4937
4939
4940
4941
4946
4949
4950
4951
4952
4953
4954
4955
4955
4955
4955
4958
4959
4962
4969
4969
4969
4971
4971
4972
4973
4974
4974
4975
4977
4977
4977
4978
4981
4983
4984
4987
4987
4987
4989
4990
4991
4993
4993
4994
4994
4996
4998
5000
5001
5003
5004
5005
5007
5007
5008
5008
5008
5014
5014
5015
5016
5018
5019
5022
5023
5024
5025
5025
5025
5027
5030
5031
5033
5036
5042
5043
5046
5050
5050
5051
5055
5056
5059
5061
5061
5062
5066
5067
5068
5069
5069
5069
5072
5075
5076
5077
5077
5077
5080
5081
5084
5087
5087
5090
5091
5095
5096
5096
5098
5099
5100
5100
5100
5101
5101
5101
5103
5103
5104
5105
5106
5106
5107
5108
5109
5109
5110
5110
5111
5112
5115
5116
5116
5116
5116
5117
5119
5120
5120
5120
5121
5122
5126
5126
5128
5129
5130
5133
5135
5136
5137
5137
5140
5141
5145
5145
5146
5149
5149
5149
5149
5150
5150
5154
5156
5156
5157
5157
5157
5159
5160
5161
5163
5164
5165
5169
5169
5172
5173
5173
5174
5176
5177
5178
5178
5182
5182
5190
5190
5191
5194
5194
5195
5196
5197
5197
5198
5200
5201
5201
5202
5204
5205
5205
5206
5207
5208
5209
5209
5209
5214
5216
5217
5217
5218
5220
5221
5223
5224
5228
5230
5231
5231
5232
5236
5237
5239
5242
5242
5243
5246
5246
5247
5248
5249
5250
5250
5252
5254
5257
5257
5257
5257
5259
5259
5260
5261
5262
5263
5263
5264
5265
5268
5269
5270
5271
5273
5273
5273
5275
5280
5280
5280
5283
5285
5286
5287
5287
5289
5290
5291
5294
5295
5296
5296
5297
5304
5305
5306
5310
5311
5312
5312
5313
5313
5315
5316
5316
5318
5319
5319
5319
5321
5323
5324
5326
5329
5331
5332
5333
5334
5335
5337
5338
5340
5340
5342
5344
5344
5345
5348
5349
5349
5350
5351
5351
5353
5354
5356
5357
5358
5358
5360
5361
5362
5363
5364
5366
5368
5368
5369
5370
5373
5373
5373
5374
5375
5376
5377
5378
5379
5379
5379
5380
5380
5381
5385
5386
5386
5388
5389
5389
5390
5391
5391
5392
5392
5395
5396
5396
5398
5404
5406
5408
5411
5411
5413
5413
5413
5414
5415
5416
5417
5418
5420
5421
5421
5426
5426
5435
5435
5437
5437
5438
5438
5439
5439
5440
5440
5442
5442
5443
5443
5444
5445
5446
5449
5449
5449
5450
5450
5450
5453
5454
5456
5457
5460
5461
5466
5467
5469
5469
5470
5471
5475
5475
5476
5479
5479
5481
5481
5482
5485
5485
5487
5488
5493
5494
5498
5501
5502
5502
5504
5504
5504
5505
5505
5507
5508
5508
5509
5510
5510
5510
5510
5512
5516
5518
5520
5521
5524
5527
5527
5529
5533
5533
5535
5537
5537
5538
5539
5539
5540
5540
5545
5547
5548
5548
5548
5550
5550
5552
5553
5556
5557
5557
5557
5559
5561
5562
5564
5565
5567
5568
5569
5571
5573
5577
5578
5578
5580
5583
5585
5585
5587
5588
5590
5593
5594
5596
5596
5597
5599
5599
5599
5601
5602
5603
5607
5607
5608
5609
5610
5612
5613
5617
5617
5617
5618
5618
5619
5620
5620
5621
5621
5621
5621
5624
5624
5625
5626
5626
5628
5628
5635
5637
5637
5638
5639
5642
5643
5644
5644
5644
5646
5647
5648
5650
5650
5651
5653
5653
5659
5660
5660
5661
5662
5665
5666
5666
5669
5674
5675
5675
5679
5680
5680
5681
5681
5681
5682
5684
5684
5685
5685
5685
5687
5690
5694
5694
5694
5695
5695
5697
5700
5701
5701
5702
5703
5707
5707
5707
5707
5708
5711
5711
5711
5712
5713
5714
5714
5716
5716
5718
5718
5719
5719
5721
5722
5722
5724
5724
5725
5725
5726
5728
5730
5730
5730
5730
5731
5732
5733
5733
5738
5738
5742
5744
5745
5746
5747
5751
5752
5753
5753
5755
5759
5760
5760
5762
5762
5763
5764
5767
5767
5768
5770
5770
5771
5771
5772
5772
5772
5774
5774
5775
5775
5777
5779
5780
5783
5783
5785
5785
5786
5787
5787
5788
5790
5792
5792
5793
5798
5798
5798
5799
5799
5801
5802
5807
5808
5811
5812
5813
5813
5815
5818
5819
5820
5821
5822
5822
5822
5823
5828
5830
5832
5832
5834
5835
5836
5836
5836
5840
5841
5841
5842
5842
5843
5845
5845
5846
5849
5850
5854
5857
5857
5859
5859
5860
5861
5863
5865
5865
5865
5865
5867
5867
5867
5868
5873
5873
5874
5875
5881
5881
5882
5885
5885
5886
5887
5887
5888
5888
5889
5890
5890
5891
5892
5894
5895
5896
5898
5898
5899
5902
5903
5904
5910
5911
5911
5912
5915
5915
5917
5917
5917
5920
5925
5925
5930
5932
5934
5935
5936
5937
5939
5939
5944
5947
5947
5947
5947
5950
5950
5950
5950
5950
5951
5952
5953
5954
5955
5955
5958
5959
5959
5963
5965
5967
5967
5973
5973
5973
5975
5975
5975
5976
5976
5977
5977
5978
5978
5979
5979
5979
5980
5981
5982
5983
5984
5984
5985
5985
5986
5986
5987
5988
5988
5989
5990
5990
5991
5991
5992
5994
5994
5996
5998
5998
6003
6004
6004
6005
6006
6007
6009
6009
6010
6011
6012
6012
6014
6016
6017
6019
6020
6021
6021
6023
6023
6026
6026
6027
6027
6028
6029
6030
6030
6032
6032
6032
6034
6034
6039
6042
6044
6044
6046
6046
6049
6050
6052
6053
6056
6056
6057
6057
6057
6057
6058
6058
6059
6061
6062
6064
6067
6068
6071
6071
6074
6077
6078
6080
6081
6083
6083
6088
6088
6089
6090
6090
6091
6094
6094
6095
6098
6099
6099
6099
6100
6100
6103
6104
6107
6109
6109
6112
6112
6115
6116
6116
6117
6122
6124
6130
6131
6135
6135
6137
6139
6140
6141
6143
6145
6145
6145
6145
6145
6147
6150
6150
6151
6155
6158
6158
6159
6162
6163
6164
6167
6171
6171
6171
6173
6175
6175
6175
6176
6177
6177
6179
6179
6179
6180
6182
6188
6191
6191
6193
6193
6194
6195
6197
6197
6197
6198
6201
6204
6204
6205
6205
6206
6206
6206
6206
6211
6211
6211
6214
6214
6215
6216
6217
6217
6217
6218
6220
6220
6221
6222
6222
6223
6223
6224
6225
6226
6229
6230
6232
6233
6233
6234
6234
6234
6235
6237
6237
6238
6239
6240
6241
6242
6243
6244
6247
6247
6248
6253
6254
6255
6257
6258
6259
6262
6262
6262
6264
6264
6265
6265
6267
6267
6270
6271
6271
6272
6274
6275
6277
6277
6277
6278
6278
6280
6280
6282
6283
6283
6286
6286
6287
6287
6289
6289
6290
6291
6292
6292
6293
6295
6296
6300
6302
6302
6306
6309
6310
6310
6311
6317
6317
6317
6317
6317
6318
6319
6320
6320
6322
6322
6323
6325
6326
6326
6328
6329
6330
6330
6330
6332
6332
6333
6337
6341
6345
6346
6347
6348
6348
6350
6350
6352
6352
6355
6357
6358
6358
6358
6360
6361
6362
6364
6364
6364
6366
6367
6368
6369
6369
6371
6377
6377
6379
6379
6379
6379
6380
6380
6383
6383
6383
6384
6386
6388
6389
6390
6390
6390
6393
6394
6395
6399
6400
6400
6401
6402
6403
6403
6405
6406
6406
6406
6410
6411
6412
6415
6415
6416
6416
6416
6417
6419
6420
6421
6422
6422
6424
6428
6428
6432
6432
6433
6435
6437
6438
6439
6439
6440
6444
6444
6446
6446
6447
6447
6448
6449
6451
6453
6454
6455
6456
6459
6460
6460
6460
6462
6462
6465
6466
6467
6468
6469
6471
6471
6472
6473
6473
6474
6475
6480
6480
6482
6485
6488
6488
6489
6491
6492
6493
6493
6497
6497
6498
6499
6503
6505
6506
6506
6512
6516
6521
6521
6526
6528
6531
6533
6534
6534
6537
6538
6539
6540
6542
6542
6543
6545
6549
6549
6551
6554
6555
6555
6555
6557
6558
6560
6564
6565
6566
6569
6570
6571
6571
6572
6573
6574
6578
6578
6579
6580
6582
6584
6584
6584
6586
6587
6589
6592
6593
6595
6598
6601
6601
6604
6605
6607
6608
6608
6608
6609
6609
6609
6614
6614
6615
6618
6618
6618
6620
6620
6625
6628
6629
6629
6633
6634
6639
6642
6642
6645
6647
6649
6649
6650
6650
6652
6653
6653
6653
6654
6655
6655
6657
6658
6659
6663
6663
6663
6664
6664
6666
6667
6670
6672
6673
6674
6674
6675
6676
6677
6679
6679
6680
6680
6681
6681
6684
6684
6686
6686
6686
6687
6687
6690
6691
6692
6692
6692
6692
6692
6693
6693
6694
6695
6696
6697
6698
6699
6699
6699
6700
6700
6701
6702
6706
6706
6706
6708
6710
6712
6714
6715
6717
6719
6720
6721
6725
6726
6726
6729
6731
6733
6733
6734
6735
6737
6739
6740
6741
6742
6742
6744
6745
6745
6746
6747
6747
6748
6749
6751
6754
6755
6757
6757
6758
6759
6761
6765
6765
6766
6770
6771
6772
6776
6777
6777
6778
6780
6781
6782
6783
6788
6789
6793
6793
6794
6794
6795
6796
6798
6799
6799
6800
6801
6803
6803
6804
6805
6805
6805
6807
6811
6813
6814
6818
6819
6820
6822
6822
6824
6826
6828
6829
6829
6830
6831
6832
6832
6833
6833
6836
6836
6837
6838
6840
6841
6842
6843
6845
6846
6848
6848
6849
6850
6851
6852
6853
6854
6855
6856
6856
6856
6857
6857
6857
6857
6858
6858
6859
6859
6862
6862
6864
6864
6865
6868
6869
6871
6876
6877
6878
6878
6881
6885
6885
6885
6885
6886
6887
6887
6887
6888
6890
6890
6892
6892
6893
6893
6893
6893
6899
6900
6901
6902
6902
6902
6909
6910
6910
6913
6914
6914
6916
6916
6917
6917
6921
6921
6922
6923
6923
6923
6925
6925
6926
6929
6930
6931
6936
6936
6938
6938
6939
6940
6940
6940
6943
6946
6946
6946
6946
6947
6948
6948
6948
6949
6949
6949
6951
6951
6956
6956
6958
6959
6959
6960
6961
6962
6963
6965
6968
6970
6971
6972
6973
6975
6976
6977
6979
6980
6981
6982
6983
6983
6985
6986
6989
6989
6989
6992
6992
6993
6993
6994
6995
6995
6995
6995
6995
6996
6997
6998
6999
7000
7001
7002
7002
7002
7003
7004
7007
7012
7013
7014
7014
7014
7015
7015
7016
7017
7017
7017
7021
7022
7024
7024
7025
7025
7026
7030
7030
7031
7035
7038
7039
7042
7043
7043
7043
7046
7049
7050
7050
7050
7050
7051
7051
7052
7052
7053
7054
7055
7055
7055
7058
7059
7059
7067
7067
7068
7069
7069
7069
7070
7070
7071
7073
7073
7074
7075
7079
7079
7079
7081
7082
7084
7086
7088
7089
7090
7091
7091
7092
7095
7095
7099
7101
7104
7104
7106
7107
7107
7108
7108
7109
7111
7113
7115
7118
7120
7124
7124
7124
7126
7127
7127
7128
7130
7131
7132
7132
7132
7133
7133
7136
7137
7138
7138
7139
7140
7141
7141
7141
7142
7144
7144
7146
7149
7149
7149
7153
7154
7156
7156
7158
7162
7167
7167
7170
7172
7173
7175
7176
7180
7181
7183
7187
7190
7191
7192
7192
7192
7192
7193
7193
7194
7195
7197
7200
7200
7201
7204
7204
7204
7205
7207
7208
7208
7209
7211
7211
7213
7213
7215
7215
7217
7218
7219
7224
7224
7225
7227
7228
7229
7232
7233
7235
7236
7238
7238
7240
7241
7243
7244
7245
7245
7245
7248
7249
7250
7252
7252
7254
7254
7255
7256
7256
7257
7258
7258
7259
7261
7262
7262
7263
7265
7268
7269
7269
7272
7276
7278
7280
7284
7284
7288
7288
7289
7293
7293
7294
7294
7294
7299
7301
7302
7302
7302
7305
7305
7306
7306
7307
7307
7308
7309
7310
7312
7313
7314
7315
7316
7317
7318
7318
7320
7321
7322
7324
7324
7328
7329
7330
7335
7336
7340
7341
7341
7344
7344
7344
7345
7346
7346
7347
7351
7351
7351
7360
7362
7363
7364
7365
7369
7369
7369
7370
7370
7372
7373
7375
7377
7377
7381
7385
7386
7387
7387
7388
7389
7390
7391
7392
7393
7393
7394
7396
7398
7399
7401
7402
7403
7404
7405
7406
7406
7406
7407
7408
7409
7410
7411
7413
7416
7420
7421
7422
7424
7424
7429
7431
7432
7433
7434
7434
7434
7437
7438
7439
7439
7439
7445
7445
7446
7447
7449
7450
7451
7455
7455
7455
7455
7456
7457
7458
7458
7459
7459
7461
7462
7464
7464
7465
7469
7472
7473
7473
7477
7480
7481
7481
7484
7484
7484
7486
7488
7489
7496
7497
7498
7502
7504
7505
7509
7512
7513
7514
7515
7515
7516
7518
7518
7522
7522
7523
7525
7527
7531
7535
7536
7540
7544
7544
7545
7549
7549
7549
7551
7552
7554
7554
7559
7561
7563
7565
7566
7567
7568
7568
7570
7570
7571
7571
7572
7574
7574
7574
7576
7579
7579
7579
7582
7583
7584
7584
7587
7590
7590
7591
7592
7592
7593
7594
7594
7594
7595
7595
7598
7599
7603
7604
7605
7607
7607
7613
7613
7613
7614
7614
7614
7615
7616
7616
7616
7617
7621
7621
7623
7624
7624
7624
7625
7626
7626
7626
7626
7628
7628
7629
7631
7632
7632
7633
7633
7633
7633
7634
7641
7643
7644
7649
7650
7654
7655
7656
7656
7657
7657
7659
7661
7661
7662
7662
7663
7664
7665
7666
7667
7668
7668
7672
7674
7674
7674
7675
7679
7680
7684
7684
7685
7687
7687
7689
7692
7692
7692
7694
7695
7696
7696
7696
7697
7698
7700
7700
7701
7702
7703
7704
7706
7708
7708
7710
7710
7710
7713
7713
7714
7715
7717
7717
7718
7719
7720
7722
7723
7724
7726
7728
7730
7732
7734
7734
7736
7737
7737
7738
7738
7741
7745
7747
7748
7748
7749
7750
7750
7751
7753
7754
7756
7758
7758
7758
7759
7760
7760
7763
7766
7767
7767
7768
7768
7769
7770
7771
7775
7776
7778
7778
7780
7782
7782
7784
7785
7785
7787
7791
7793
7796
7798
7798
7799
7800
7800
7803
7804
7804
7805
7806
7807
7808
7809
7810
7812
7812
7812
7814
7815
7815
7815
7816
7818
7820
7825
7828
7828
7831
7832
7832
7833
7835
7835
7835
7838
7840
7841
7842
7843
7848
7849
7852
7853
7855
7855
7856
7856
7857
7857
7859
7859
7859
7860
7860
7862
7863
7864
7865
7865
7868
7868
7870
7870
7872
7874
7875
7877
7878
7878
7880
7880
7882
7883
7884
7886
7887
7891
7891
7892
7892
7895
7895
7896
7896
7896
7898
7900
7900
7901
7901
7903
7904
7905
7909
7911
7912
7913
7913
7915
7915
7917
7919
7919
7920
7921
7921
7921
7924
7924
7924
7924
7925
7927
7928
7930
7930
7932
7932
7932
7933
7933
7933
7934
7935
7935
7935
7936
7936
7937
7937
7939
7941
7941
7943
7943
7944
7944
7945
7950
7951
7953
7956
7956
7958
7963
7966
7967
7968
7974
7976
7977
7979
7980
7980
7981
7983
7984
7985
7985
7986
7987
7991
7992
7992
7992
7992
7994
7996
7996
7996
7998
7999
8001
8001
8002
8003
8003
8005
8008
8010
8012
8013
8013
8014
8015
8016
8017
8017
8018
8018
8019
8021
8021
8021
8022
8024
8024
8027
8028
8029
8038
8038
8039
8040
8040
8044
8046
8046
8048
8051
8058
8059
8060
8061
8062
8067
8067
8067
8069
8072
8072
8073
8073
8073
8074
8076
8077
8078
8079
8081
8084
8084
8086
8087
8092
8095
8097
8097
8099
8100
8100
8100
8101
8108
8108
8109
8109
8109
8111
8112
8112
8114
8115
8116
8117
8117
8117
8118
8120
8123
8123
8124
8124
8130
8131
8131
8132
8133
8134
8135
8135
8136
8137
8138
8141
8142
8143
8143
8146
8149
8150
8152
8153
8153
8154
8155
8155
8155
8155
8156
8157
8157
8157
8158
8159
8172
8172
8172
8172
8172
8173
8176
8177
8178
8180
8181
8182
8185
8187
8190
8191
8193
8193
8195
8196
8196
8197
8201
8201
8202
8204
8207
8207
8208
8209
8210
8210
8211
8214
8215
8215
8215
8215
8216
8216
8217
8217
8217
8218
8219
8220
8221
8223
8223
8224
8224
8225
8227
8228
8232
8233
8235
8236
8237
8240
8241
8241
8242
8245
8248
8249
8251
8251
8254
8254
8254
8255
8261
8263
8266
8266
8266
8269
8273
8274
8276
8278
8279
8279
8280
8280
8281
8281
8282
8282
8284
8285
8288
8289
8289
8290
8291
8291
8292
8293
8294
8295
8295
8296
8297
8298
8299
8299
8301
8302
8302
8306
8313
8315
8317
8317
8317
8317
8318
8318
8319
8319
8320
8320
8322
8324
8324
8325
8332
8332
8332
8335
8336
8338
8339
8341
8341
8341
8342
8344
8346
8349
8349
8350
8350
8350
8351
8357
8359
8363
8363
8365
8368
8369
8369
8371
8372
8373
8375
8377
8377
8378
8378
8380
8380
8381
8385
8387
8388
8389
8389
8390
8393
8393
8394
8394
8397
8399
8401
8401
8401
8402
8402
8404
8405
8405
8405
8406
8408
8409
8409
8411
8411
8412
8412
8413
8413
8414
8415
8416
8416
8417
8419
8420
8421
8421
8422
8422
8422
8424
8424
8426
8429
8431
8434
8434
8435
8435
8436
8437
8438
8440
8442
8443
8444
8445
8447
8452
8456
8457
8458
8459
8460
8460
8461
8462
8462
8462
8463
8464
8465
8468
8469
8469
8469
8471
8473
8473
8476
8478
8478
8479
8480
8480
8480
8481
8481
8481
8484
8485
8485
8486
8486
8486
8487
8488
8490
8490
8491
8494
8494
8495
8495
8498
8498
8504
8506
8507
8509
8510
8511
8512
8513
8514
8514
8514
8515
8516
8518
8518
8519
8519
8523
8523
8526
8527
8528
8530
8531
8532
8535
8537
8539
8539
8540
8541
8541
8541
8543
8545
8546
8546
8548
8549
8549
8550
8552
8553
8555
8558
8559
8561
8561
8561
8564
8565
8566
8568
8569
8571
8572
8573
8576
8578
8581
8583
8584
8585
8587
8587
8587
8587
8587
8588
8593
8595
8597
8599
8600
8601
8601
8603
8605
8606
8606
8606
8607
8611
8611
8612
8612
8612
8613
8614
8617
8617
8617
8618
8619
8619
8620
8622
8623
8623
8626
8627
8627
8628
8629
8629
8629
8630
8632
8632
8636
8637
8640
8640
8642
8642
8643
8643
8644
8649
8651
8653
8653
8654
8655
8656
8657
8658
8659
8664
8665
8665
8667
8667
8669
8670
8671
8676
8676
8676
8678
8680
8680
8681
8683
8684
8684
8686
8689
8689
8690
8690
8694
8694
8699
8699
8705
8706
8707
8711
8711
8711
8712
8718
8719
8719
8721
8723
8724
8724
8725
8727
8728
8728
8729
8730
8730
8730
8731
8732
8732
8733
8734
8736
8736
8741
8741
8742
8744
8747
8747
8750
8750
8751
8751
8755
8755
8757
8757
8759
8761
8761
8761
8762
8762
8765
8766
8766
8767
8767
8768
8770
8773
8775
8776
8780
8780
8781
8784
8785
8786
8786
8786
8788
8789
8792
8793
8793
8793
8793
8794
8795
8795
8796
8796
8797
8799
8802
8804
8806
8807
8807
8808
8808
8809
8810
8812
8813
8814
8814
8817
8818
8820
8820
8822
8822
8824
8824
8825
8827
8828
8828
8831
8832
8833
8834
8835
8836
8837
8837
8840
8842
8844
8845
8847
8848
8848
8851
8854
8854
8856
8857
8860
8861
8861
8862
8864
8866
8869
8869
8871
8871
8873
8876
8877
8877
8877
8878
8882
8883
8883
8884
8884
8885
8885
8887
8888
8889
8890
8893
8894
8895
8895
8895
8897
8897
8899
8901
8902
8903
8906
8907
8908
8914
8914
8914
8917
8919
8920
8921
8922
8923
8924
8924
8928
8928
8930
8933
8936
8936
8938
8939
8939
8941
8941
8942
8944
8945
8946
8949
8952
8953
8954
8957
8959
8959
8962
8963
8964
8966
8967
8967
8967
8968
8968
8970
8970
8971
8971
8973
8974
8975
8978
8979
8979
8980
8980
8981
8982
8984
8986
8988
8989
8989
8990
8992
8999
9000
9000
9002
9003
9005
9006
9009
9011
9011
9012
9014
9014
9015
9017
9018
9020
9020
9020
9024
9026
9027
9028
9030
9030
9031
9032
9032
9032
9034
9035
9036
9036
9037
9040
9041
9042
9044
9045
9046
9047
9047
9047
9049
9052
9052
9053
9054
9056
9056
9056
9057
9058
9060
9061
9062
9062
9064
9065
9070
9071
9075
9076
9076
9081
9083
9087
9087
9087
9089
9091
9091
9092
9092
9093
9094
9097
9098
9098
9103
9107
9108
9113
9113
9114
9115
9115
9116
9117
9120
9122
9123
9124
9125
9128
9130
9131
9131
9131
9134
9137
9138
9138
9139
9139
9140
9140
9141
9141
9142
9142
9145
9145
9146
9147
9148
9148
9150
9150
9150
9151
9152
9155
9158
9161
9162
9163
9164
9164
9165
9165
9166
9167
9167
9170
9170
9170
9173
9174
9182
9183
9185
9186
9187
9187
9188
9189
9190
9191
9192
9192
9199
9199
9201
9204
9205
9206
9207
9208
9211
9212
9214
9216
9217
9218
9219
9221
9221
9222
9223
9225
9226
9227
9228
9229
9232
9233
9234
9234
9234
9235
9236
9238
9238
9239
9240
9241
9242
9243
9244
9245
9246
9247
9249
9250
9250
9251
9251
9252
9253
9254
9255
9256
9257
9258
9258
9259
9259
9260
9260
9262
9264
9265
9268
9268
9270
9272
9272
9275
9275
9275
9277
9278
9278
9278
9278
9282
9283
9285
9286
9286
9287
9290
9292
9295
9298
9298
9304
9304
9305
9305
9306
9308
9309
9310
9311
9315
9315
9317
9321
9321
9322
9323
9329
9330
9331
9333
9336
9337
9338
9340
9342
9346
9347
9347
9347
9350
9352
9353
9353
9354
9355
9360
9362
9363
9364
9365
9366
9367
9369
9370
9371
9372
9378
9380
9381
9381
9383
9383
9383
9384
9385
9386
9387
9389
9389
9390
9391
9393
9394
9396
9397
9397
9399
9402
9402
9404
9405
9406
9408
9409
9410
9411
9412
9413
9414
9416
9418
9419
9421
9422
9422
9422
9424
9426
9427
9429
9429
9429
9430
9431
9434
9434
9434
9435
9438
9438
9440
9442
9442
9444
9446
9448
9450
9451
9453
9454
9455
9455
9459
9460
9466
9468
9469
9469
9469
9471
9471
9472
9474
9475
9475
9475
9478
9478
9479
9480
9480
9481
9482
9484
9486
9487
9488
9489
9492
9493
9493
9493
9494
9495
9495
9497
9500
9500
9502
9505
9507
9508
9508
9510
9512
9512
9513
9514
9515
9517
9520
9524
9524
9529
9530
9532
9532
9533
9533
9534
9536
9537
9537
9537
9539
9539
9540
9541
9543
9543
9543
9547
9547
9549
9551
9552
9553
9554
9556
9557
9557
9558
9560
9561
9561
9561
9564
9566
9566
9568
9568
9569
9569
9570
9574
9576
9577
9577
9582
9587
9590
9594
9594
9594
9595
9595
9597
9601
9601
9602
9604
9606
9608
9613
9614
9618
9619
9619
9620
9620
9621
9622
9622
9623
9624
9624
9626
9627
9628
9628
9630
9632
9633
9634
9634
9635
9635
9636
9638
9638
9642
9643
9643
9644
9644
9645
9649
9650
9650
9653
9654
9654
9655
9658
9658
9658
9660
9661
9661
9661
9663
9664
9665
9666
9667
9667
9667
9670
9671
9671
9672
9672
9672
9673
9673
9674
9677
9677
9677
9678
9685
9685
9685
9685
9688
9689
9689
9692
9692
9692
9692
9698
9699
9699
9699
9700
9700
9700
9701
9701
9702
9703
9704
9704
9705
9705
9707
9709
9709
9714
9715
9716
9717
9717
9718
9719
9721
9722
9723
9724
9728
9730
9731
9733
9733
9734
9736
9737
9738
9738
9739
9739
9741
9745
9746
9747
9754
9755
9761
9762
9763
9764
9764
9765
9767
9771
9771
9772
9774
9774
9775
9775
9779
9779
9780
9780
9781
9782
9786
9787
9787
9788
9788
9792
9794
9795
9795
9796
9797
9798
9799
9799
9800
9802
9803
9804
9807
9808
9808
9809
9811
9811
9812
9815
9816
9818
9818
9819
9819
9822
9823
9824
9826
9827
9831
9832
9833
9834
9836
9838
9838
9840
9841
9844
9844
9845
9845
9845
9847
9849
9849
9850
9851
9851
9852
9852
9853
9853
9853
9853
9853
9854
9856
9856
9860
9861
9862
9864
9864
9864
9867
9868
9871
9872
9873
9875
9877
9879
9879
9881
9881
9882
9884
9886
9886
9888
9889
9891
9891
9891
9895
9901
9902
9902
9904
9905
9908
9909
9909
9912
9914
9917
9920
9921
9924
9927
9928
9929
9930
9931
9933
9936
9937
9938
9940
9941
9944
9944
9946
9947
9949
9949
9952
9952
9952
9955
9956
9957
9957
9958
9960
9961
9962
9968
9968
9969
9970
9971
9973
9974
9974
9974
9976
9979
9980
9982
9982
9982
9985
9986
9988
9988
9989
9989
9990
9990
9990
9993
9994
9996
9999
10000
